124688
1234679
549875
272845
1295168
142138
682917
1981091
586620
740988
282355
470994
1397595
396150
654783
3913972
887412
314214
1582251
755216
539996
1154409
1500773
741449
643220
1161435
565093
95691
554983
1200564
332671
724379
886359
942856
1136731
2641122
1907423
997858
1879690
1842590
223355
893253
1257530
424141
579181
536807
443570
1762719
1518433
1009972
421953
360926
1186073
989987
269176
1159685
718860
246208
473120
826851
649263
1954303
1420942
298994
1779070
958913
807802
1813120
379644
1600493
1344407
1148609
1471935
1763829
754532
1444632
165136
278699
1423560
900616
1382102
1163526
1143748
389955
671482
1505599
96202
1959414
848078
1150346
305779
431768
763952
626266
652182
1895989
96147
1305373
769052
319139
1433381
639000
793112
761192
1395443
218759
2170172
797486
112529
301501
1290126
3408749
829918
266651
453376
288859
656109
2388664
775
523546
1493095
905141
60779
72038
2344692
371746
730532
1417858
605633
924761
933198
23878
2031204
672222
34779
109168
95491
510489
1878862
1789580
448795
476025
1605135
38857
1129349
1294638
122498
1358273
754299
174474
1166490
975244
701121
1973436
630418
749066
758312
1583602
895236
821396
1257460
653521
1757786
877894
1292422
329115
281641
465555
730939
527878
658374
1646925
305148
255996
292856
271256
6232
1074491
1961268
887250
401555
1315313
225935
36584
497035
2437821
354966
588320
479448
2016966
1694337
830023
367449
1712546
576877
483007
486294
860364
524560
1071
1976424
790889
562735
574223
1399262
1822241
785236
180694
80513
158557
1266435
1730633
427808
713707
968051
661579
861294
1399058
1439681
934948
1773775
131931
177095
1386903
931291
348582
635443
1148076
426338
1185100
1329692
1642975
1407797
464479
336919
647307
1258126
433700
296752
1590335
191886
1183794
1797467
2005892
1013709
1879857
595890
169039
198456
719032
2624480
427729
136027
304844
475875
221505
29830
574009
1117369
1438602
23892
723608
1232889
415679
294671
1247973
984329
985984
1759351
498146
954295
517327
1249579
1203764
1744553
831100
98791
922401
1580375
51698
1374580
572044
1602784
1400740
1437190
953814
986625
526143
847974
90201
957929
569525
128313
1692427
1571761
331979
754464
1250933
1072305
998120
527111
251606
1285558
1373795
151906
1038976
28407
1215088
1074522
810518
727982
1285166
2163470
1209800
856523
599832
1195677
902003
2857068
442191
1154088
678433
1084465
808200
591836
2783553
931827
716991
1329910
1228172
706779
1165760
597480
804669
46104
508470
952001
34547
869939
1841562
396530
403949
893476
845857
458035
230985
1207631
1504811
541323
1073378
1491729
1607212
154647
405197
1376123
351392
572011
224279
964905
951896
9820
850310
1065075
1837091
2372999
1297490
2823178
1987396
691411
999719
528199
636215
1128890
754369
661285
1245094
1226957
884651
1105814
1672086
1466878
557053
1011835
1282834
1064095
746008
649908
3048921
156912
204777
1370655
846609
624255
719007
1261382
896911
477456
241809
27256
182569
45285
874841
1242785
3260514
629599
158318
466268
706778
720139
459946
361742
1862904
1108800
1602208
1166646
1386941
664429
990912
365801
666734
613464
833489
815778
236037
52138
499507
1204958
704573
301775
1200599
562221
165057
102721
1129253
1557099
1675896
1478797
2030545
1035958
926647
115670
676962
1502050
1241099
1848254
2203623
134256
926729
530924
117535
1292772
12988
523951
296749
1836478
385138
581257
912317
856424
181516
1466479
1491200
612213
291592
958709
968391
149843
847221
1901008
1496197
1723134
1475099
686652
696622
635165
1062092
441412
2264943
1420978
1270674
329352
1913138
1926579
1054495
1529281
78905
2276702
519443
835432
596923
1862320
2297078
1524317
275142
1410877
759163
1343117
173690
629123
483924
881075
221671
790689
667136
507656
1131692
1357197
807510
100766
934324
970347
984885
1681229
1129622
417505
994290
960441
484784
856814
1098981
452180
1432744
685858
1687544
530405
1269575
1094577
787669
1224787
317116
416553
1305970
1388580
209586
988714
1772100
1262790
144118
652285
1582118
425879
419697
2001509
910253
682312
224005
151769
741458
125764
1575502
1032763
1413890
1343896
1895647
599594
591725
852531
1100095
1266940
623409
1838229
43079
1865039
978315
1165133
1554435
649286
994306
880834
576202
480185
2505432
801500
460066
1089932
787638
940068
893500
391945
1358426
822862
70128
583793
727208
144128
175485
59829
566930
1348979
53161
402090
1366861
718110
306745
662787
472059
767323
1825877
24417
940630
517257
1602690
276556
1332935
1292281
2292772
330349
1205612
198989
934423
620092
916871
202595
29873
72411
1353810
851832
1280127
671853
857955
335568
1339105
57321
1055877
738107
97964
1487344
626813
1574425
863652
1092646
1777245
732486
1047515
26020
686449
1406746
1809490
1307411
47179
181104
10161
1374493
1363797
325007
1008141
353030
770171
997197
1662143
2324351
177275
1403863
1189316
1006210
1089523
944982
719709
1331393
1205165
1084469
634733
255969
373297
935302
1606993
1427788
383279
776106
740904
681291
226352
834456
1324744
772762
763520
936477
1081217
181789
78529
1119914
152122
980056
556503
1414132
1611181
583076
358292
1109597
404969
1029540
1082953
175065
1698315
972703
748208
218707
1237664
52304
423584
1365847
464707
130049
956405
1362193
1525591
1593950
984419
971546
328457
662477
1116320
801723
816524
1217314
1158099
19347
862745
882456
198597
24091
602602
1185764
1382571
103538
1987770
1100811
260629
862811
999652
557756
658270
553099
760510
1243424
1389752
675975
1175385
1530677
457819
21234
62303
891745
854610
880589
1400145
1829803
1092939
782175
634179
2366157
668097
417885
2167069
105645
823855
1037228
913015
1340690
395356
681130
130073
1028412
386181
1073266
400662
904212
642324
1048231
371372
451210
587299
1149937
171329
505830
1974517
833611
447845
1144445
312602
290310
448967
178156
530852
717966
1520894
1645611
550707
306738
665374
1437472
1095681
1082954
1359387
1176604
1442515
110426
540806
588362
705925
835900
1917418
380619
8120
1391394
1114987
1279399
1199907
1276161
1625347
77350
942108
348434
1239202
1301668
661418
1411642
1319112
230474
544465
238418
244745
319264
1742752
979145
2170373
797352
487586
2077101
462698
1119950
924967
1739506
1676208
991875
882614
642290
547736
191313
1291738
129755
719305
244432
56559
282991
1238703
1251103
511599
1220877
168217
526357
111141
29910
967254
1609375
696725
1485746
250997
602988
1352238
521465
616767
426635
1148598
731829
1023258
316030
963929
71405
176644
124271
413141
1553318
803729
777353
1176205
807243
870379
664681
159664
895444
1232620
978138
1439052
384811
1498977
1058120
984925
1774801
1759077
745012
99957
1838376
65984
168238
545327
54610
1366596
1347880
891964
1089919
552140
400558
976272
781549
1569337
1390363
1009202
302896
65873
726287
1873159
866714
1879260
1518628
1263010
223100
1304741
283208
19091
853811
460723
715948
1112913
2042438
1245834
865794
625740
270388
366378
99629
28732
641044
837515
984378
23432
1390204
819259
972596
2880091
358251
710269
4316
1639730
405803
405959
1995103
968099
2421751
1335582
1011466
508691
590499
49753
503840
460126
1279489
945720
985492
1296907
2431432
1220168
886521
205780
763383
1348062
1134750
491831
1468480
774836
1513023
585828
1755624
757452
841789
875052
724116
529927
816631
1414474
327334
500457
1112795
870617
420941
971700
528636
207802
79971
319047
424975
2739335
1385560
2017338
1511416
1445633
375509
101664
577830
1561691
218308
802496
1034503
1647715
782514
463334
613245
2850299
1421104
581108
918228
809720
289866
550092
750495
973047
120686
678303
1789485
605277
1205246
787740
1170885
828300
144732
360631
1143873
1055838
131226
975700
814959
1307447
1091658
326853
917678
878236
359463
702615
604683
845034
2054791
12755
2413086
591689
315239
329
1250285
608998
806456
452431
891940
170215
638291
785392
271318
773921
920862
387113
431035
172718
1035138
1490805
1097167
882658
1668979
1497937
1389805
44836
893539
2076577
1185774
786241
1745676
916026
597864
1453443
413632
1302690
1197422
724680
458487
667930
2496169
217111
1278812
25125
243610
248981
909149
690248
697172
1215805
2395957
1421625
977089
352118
1435967
750718
177849
18726
1488545
1442931
1015937
960683
269115
490741
493455
1073138
108115
833125
843296
2455753
33671
59404
286906
158710
1345590
75781
853260
1753810
1210963
934562
17704
232504
522767
574925
968065
1118431
304201
1248983
1147342
1124750
322493
1467734
1010274
1533526
303599
551280
936558
1135715
1851803
640317
168573
2107925
718595
32400
650643
850099
690907
124703
2449482
408806
1942940
984161
9682
450794
397068
1026492
186283
479080
1241038
2105161
320137
1651401
577044
935672
2499564
1309325
235013
710838
321634
1410594
1052788
543830
2398050
339960
34760
1543252
749839
157048
875785
304796
13455
567643
1241686
334001
903918
712160
285832
1183603
568859
171135
223274
2127649
913893
218467
624960
612868
829434
1922077
681049
529588
1355173
813498
1323515
1803740
372043
1229277
786993
700130
977770
1216753
1499
13930
1356598
1390527
2094459
395776
415128
517734
273503
770076
61196
715055
941080
663720
989406
900743
701055
1132998
624170
98032
487046
130198
400598
1841400
1359946
456412
745077
2831154
22043
88774
862881
1492523
1268141
141428
1547165
701052
842695
85912
1207885
92998
889358
917253
1375196
381188
412277
181741
1931249
905602
265739
1886891
1571446
429331
991049
1195496
1335470
540647
496127
689057
220985
777122
1379426
1950254
821071
1184369
240412
1476198
970494
917568
93272
170087
1775049
3647471
784624
1046745
1184037
4426
797821
1367195
683418
1072031
901122
1451774
289947
269458
342046
835382
162860
1331860
323125
864088
370038
628601
1919745
903524
1808433
237328
889506
898061
682998
768150
1106375
1507958
1232134
71179
1423201
1359109
740645
1388845
193035
827197
334644
1210955
1350655
1056715
1087094
1139513
472960
1646571
1069609
1449770
195944
1516843
645991
2220675
1410677
1183542
903682
771092
760477
87187
219937
2063721
303699
1538068
171331
342470
740381
712404
678006
593209
538300
537760
778843
1881489
591326
120415
528577
1609140
741292
1863604
58883
76310
1141300
101224
1387048
630285
508666
342413
1258334
1156424
464744
1451334
795035
1238439
1220534
113900
366041
856270
1011392
1492210
2086005
1822810
521835
1317776
954155
122942
1147516
243428
1381657
819087
610046
202685
1791253
219459
620661
1175994
114868
863489
2414635
982456
1443874
431129
347135
718354
1084704
464571
1398317
112809
1986022
12716
1089830
1453291
721054
718525
716406
447640
493601
410173
806579
1207336
124986
11127
45361
1525713
352892
318046
1308615
822638
768425
438220
958117
968642
699369
411858
1896318
582978
1224236
550993
1400948
1396120
777510
709902
1790508
536364
106701
154092
544599
1412710
503385
646459
1625153
2206327
1061119
617846
1503490
17278
781363
912434
726503
536591
1154145
816922
1204452
607542
125136
661823
346113
731457
388603
850772
1287910
542085
1704884
531584
1191244
2607456
1750686
414260
1559786
1258692
252814
477828
1853537
275035
511910
343449
552716
649134
953111
704684
276912
300969
510778
218327
294180
920129
129682
1137998
1020196
2707902
216040
1583186
1047648
446363
508268
969805
628132
1172371
687564
642785
604716
653631
540924
1030435
3199855
1095970
420362
853485
650029
1288462
2310307
2151896
1215198
166376
143374
746415
501728
1799311
486219
645160
1982148
723874
201777
501302
134910
646312
304426
662626
609743
693617
686837
393311
1638617
365602
892959
1985764
865127
2519543
731590
20988
36382
544554
982099
2350913
21869
13209
721050
947567
526292
261323
560696
2140
249020
1940507
2516304
539404
1837531
29142
5484
362986
826697
588103
819348
1450107
621805
143227
433556
1078868
1016229
430983
549432
68979
1204958
1210222
516292
636083
711993
1303686
611162
103137
871198
1098211
1633044
580307
810247
997652
1761091
920448
976116
812946
395403
291858
612879
23520
58372
1996959
454339
11892
220599
1999839
1127878
1313501
1121210
1031007
602471
1490693
1332465
1337563
496414
65438
1459018
2048338
488152
607809
1488060
1488860
471716
597305
1583428
612542
138820
1911592
409829
222533
600123
411848
369795
1843352
390424
243866
59555
652912
1500868
609285
179913
928170
887126
843580
40246
187269
445401
815754
222246
1161135
591742
1322930
935979
566944
259884
1432183
794128
180050
1461608
925315
1704501
1080016
775499
554380
336971
15155
284839
1473049
2491060
786099
1410973
505675
934657
329602
1870567
24575
544432
597948
955044
1184696
1516105
377442
706125
170882
717149
686094
69308
2005049
909763
647240
1378204
1211409
828920
608030
601241
614679
676569
698
602541
1967261
530055
625621
803276
175771
549374
1113073
2500117
358682
1097019
942733
1216093
11571
848049
925401
832897
1181244
2385455
1245040
213617
858603
566937
1772908
833756
466140
106825
600188
184451
161301
354505
279611
1645830
414353
1258039
700994
1617165
222210
302492
1109061
123133
619064
521618
207811
83647
771079
663225
569598
1400214
673037
961372
409426
974597
745178
926510
1108618
180771
1452176
883556
747830
1058500
136562
1560151
1556096
404429
1463970
1150528
273029
156764
509963
1071319
1961289
193530
647782
950193
645579
1302118
260257
844636
8958
300391
473794
1596481
305537
1005686
641584
1466206
180494
293486
671835
1767654
601079
834329
764251
878751
1225911
828799
734076
94111
1968843
706486
1006083
1128235
1370728
793129
2198608
215828
1431728
196463
680491
540600
1333638
225105
618020
1023961
1648233
913439
752828
714117
1889220
1028024
1185832
1755691
433995
1061564
997851
1191293
1080490
775416
187595
351279
3438015
61205
868212
1310644
572432
127878
1825506
257816
659295
702324
1594804
3316039
717345
638128
1463106
487841
486421
1627996
1262855
370591
566297
319230
975970
1933101
919167
492235
842302
788941
744775
538804
777595
1116749
313870
752503
1262060
822861
1048652
789836
640360
633721
836643
9619
1116677
1196486
1021498
1431199
980838
572692
431793
1369769
1237694
1501831
1134039
2155996
322518
9194
690047
505248
232625
1345738
884888
1277550
1093399
472500
1097795
885751
1411287
9876
736423
9026744
1583661
1190930
1385929
783399
588620
666737
700223
1299195
851902
381262
825226
3235
1144814
1925658
19947
725965
339984
911806
1065558
2449817
1335135
942354
1035051
788706
857004
532417
979499
1058801
637983
844803
275215
1260998
515390
665311
547388
112619
975924
300580
649882
1347487
1235988
596204
2082668
1421540
557571
1218037
1723873
873326
913115
281540
2358673
84241
774708
1029855
808811
594414
642438
2387534
1384082
826113
406642
790103
281743
83506
416967
570172
669641
216062
668393
590459
2326745
1287785
844884
536905
847874
916330
1024935
1140690
508742
242331
2438468
460248
1249147
564452
415452
493583
196803
262444
756113
888058
1634915
1358947
1826011
1323437
713907
2144119
298932
914214
585691
2065465
611736
293746
2276487
398866
240236
969601
340985
1463920
979144
780686
1342180
766608
319032
428151
1158464
478863
1534724
1009884
216129
653432
143896
2046110
310634
700052
932422
1419039
1729191
3271665
801457
275193
858591
445689
797867
929892
980879
1190265
934278
994353
1095708
545746
37553
970853
896296
360552
797120
669788
852462
818508
1566903
117411
1228016
918384
1008232
340665
119828
2420078
136672
1242794
1664886
703134
435177
767984
1481985
981147
986768
941359
1181727
1249080
584431
1087188
1326936
1401516
178894
274995
1331071
825695
187499
1021316
2448046
1640665
2626049
597632
525340
1390158
1017389
2323076
567948
211887
534132
737418
931022
993400
96617
106727
1015724
419385
483475
374606
325762
2191628
687091
833575
105208
734875
297388
1188532
135891
1622675
219844
528394
1663951
602353
229135
20847
1055728
1159822
610291
2265053
1125568
1272114
9230
1339578
1123226
1403291
2191229
1921115
741772
511761
532158
773916
1601252
27152
701758
751653
374185
547993
262070
551108
1320114
3309118
928598
1638250
959226
703663
1216396
536012
28986
1596046
1458886
885215
1090745
1489811
23291
1217944
1466534
648069
981968
1421479
222478
651262
732639
1095286
1742737
413794
288827
1274091
627798
150692
255864
1109215
530950
745020
119470
1000449
13886
917330
1003076
456883
643749
1131112
575153
618087
648965
1118575
876614
110463
77246
26128
578192
334375
1264670
1091069
1155746
1300441
1133141
1375675
1428664
466868
865004
527415
119870
709024
487677
627563
1383320
618186
1433765
1479059
1881123
10207
600349
1424568
928481
1265456
1463664
1075872
1908635
1166218
973966
489881
166439
1768728
1482343
1838504
1366641
601727
370236
1075770
1072575
1194108
400438
813326
10101
1753701
153857
1129893
1219391
1477473
895643
2064111
603222
945646
1281966
1162684
871202
886391
464325
1422084
933958
837463
1857634
1933339
1897890
868821
85302
211484
326874
707269
614130
788249
871292
150656
1740097
46501
1108488
856328
1398848
516518
591473
690371
549293
190051
1278408
1209627
787396
1964461
1009088
922455
795985
754165
1002004
890688
820615
36339
1485005
283387
1380854
1135766
606280
749703
833699
639189
1304541
1438811
574553
611000
1982819
930278
930020
280908
691512
1501644
1778022
1005738
853797
1029985
33995
341706
281894
708748
1319135
926193
1278064
418818
1193959
407228
938483
503301
468756
1941169
1326439
362337
415803
932297
806348
1718474
542857
1456036
664467
2383996
943195
161585
1668865
391223
2281555
1692031
826137
146301
1761295
1134829
701441
105683
901852
1200883
1493254
841626
2274671
1135028
980706
1015376
132859
980361
708324
324430
509926
759346
954967
2146728
261149
1989667
858690
1007940
1282160
974769
1034295
974688
468352
1846848
268401
1303852
653852
1666227
54461
1016583
147859
64471
836002
652546
321963
607349
263012
308407
958712
1328378
1122570
1288492
997232
277388
691239
907185
236418
748595
774623
2498651
1496270
63881
866088
483203
153912
1449225
4440
975016
1184894
1836696
508262
156837
433169
152442
428785
2441143
851751
999419
1112294
678966
82454
1173888
325701
207510
1482469
1123506
323595
316194
1766980
726127
1120531
773085
1841731
1532885
1468894
2188637
2182984
889492
951514
2377006
1857185
390359
1484936
1496296
1509473
1740502
1311806
292789
1232848
1250884
614131
1873098
1747426
807544
1764386
2327847
442993
643521
1323118
698678
2473390
959891
1800524
723846
1099194
1407185
1203878
646506
775995
963998
2323460
102586
919409
1138989
2003790
665804
1252592
330057
979221
898583
1146800
746409
1676185
642222
959367
1416540
1369419
300317
1047808
176469
1421595
2291786
250669
1392187
711125
1526321
514911
1734968
1140780
211141
1701277
386884
321857
661576
1028827
1403893
874085
1389806
543081
397038
1405955
575195
104148
1196649
26242
1487774
400274
1345450
630318
938674
1355742
1120329
1721663
918169
1252844
359268
206586
657788
1411038
795975
159260
90698
1867740
44385
2900413
1135347
569321
1802733
676121
2464841
324601
1218881
643411
945884
602313
43134
3239579
418167
555311
695965
77879
449123
994328
684346
920614
2170719
847864
869608
745831
99234
419490
1250714
1175937
2239798
1145217
955505
272069
1578585
154088
884718
805206
1731418
229036
1684990
1422129
47797
258137
30821
955696
345429
1983913
1974673
1014640
1085228
521592
1775428
882779
350585
284700
592869
159081
732798
1015769
1266284
771656
1988228
1088923
556976
636483
795669
2496292
61687
656807
42716
412077
381569
2306985
763972
305
1386330
1320588
510514
853004
997986
1169671
1044905
301259
1701954
809228
1498402
20133
588790
79755
323821
61870
844282
1673373
712944
1358867
874458
682949
2119042
1300842
1371202
890938
2406539
988264
676295
810280
838211
1301822
1261944
618397
7531949
630757
312396
1633959
1776470
609917
397201
435907
2097047
453950
681367
996058
296620
698221
781919
923692
409655
723256
1321804
1117463
1176669
638596
986476
903129
1846116
627434
930186
671833
41711
972362
72732
63181
48543
1944352
486348
1187421
722991
675835
1960173
51117
1416659
1856532
703780
2082304
143925
1179298
1096856
2486784
340404
527924
886560
1275907
1243235
1358047
672784
1325585
663074
266975
791080
2482504
242692
474339
713889
345481
1387334
327208
819325
455572
1263120
96911
428625
770358
1465778
524978
323194
1019115
1515589
574617
1519841
1140071
482628
347859
1107060
2467063
1384206
1750504
974347
202221
1886562
2452786
81596
1572834
176830
1298835
171204
1159132
1391005
819530
455258
343352
1253748
1494055
542458
516041
666513
811493
687251
1093350
408248
593278
1352950
1024299
1070562
186530
272227
983486
281755
645193
1200537
1308347
928319
1861456
850466
114290
186105
2381608
1511745
744500
786881
1203601
962209
929429
703737
190861
1451876
819987
586763
765848
715853
803262
230474
995901
1091858
290073
1019883
2226476
1445673
5733
468006
430832
855126
13413
250934
951140
420246
1165508
994929
562605
784020
313851
100941
559690
750958
637655
467705
112367
1948618
314432
1412829
1215512
730979
1406910
805367
277283
1168434
255612
1346585
193118
294274
961878
43915
556167
168637
1370168
1480417
228251
114741
1251268
618210
1634605
651192
296926
760574
727776
410811
656427
718066
95639
945737
464060
495426
1410801
133680
214162
2215930
952794
137233
79202
1001803
2737124
191979
378495
1370886
1136860
704555
1246880
1064671
642848
613625
484575
757640
804566
695402
812041
676943
1416928
15141
445884
888062
1550259
627613
101011
537975
173102
533587
420070
751409
566447
482316
171797
1266266
979049
1079038
170572
878834
861465
568635
604200
556137
132544
1225152
2270528
1264510
907603
1275269
1212104
1499740
1573333
1327785
296791
794938
1546989
381217
635504
538167
42715
1392869
861703
147351
302702
753503
911746
913541
1007129
145529
1955591
1650765
1520108
110314
396861
1727773
1409574
531333
1389779
639810
919215
1505446
888870
851554
1281516
1815650
960903
1381282
543763
766802
1085793
224638
2413414
24611
5663
1230407
836291
1355653
181429
1612773
651809
1302999
257502
1189202
963072
1243572
1152715
878615
134751
885796
810949
1682606
269208
969225
782928
283676
620432
1274764
947480
571090
1350544
851595
832784
230569
297432
1236458
55293
651198
351195
781852
1206009
485752
582605
931348
1218492
573596
1083968
808948
1045790
554418
1079862
1202361
1349921
495839
1486553
2422377
1455698
113415
1454638
131715
891286
1145894
969871
533865
563177
942259
1413663
828661
255850
342041
585056
385149
1246812
838073
2165352
364780
298766
652424
167418
571367
1244802
392490
513432
612640
2992691
287570
482430
311811
530680
662718
647633
1391235
906861
948186
774398
360808
584442
1888408
520743
2090240
1368436
1079090
1337087
1077863
547752
773541
338015
283803
402366
1175315
375769
144649
739330
816188
189393
1561526
1163207
1496929
942195
1170995
680365
649374
2808390
742824
1226858
974090
141864
640580
246541
2869781
507931
796711
1694726
351110
1805189
167540
1054634
270103
583357
780894
991002
492567
2100328
182645
1441452
17123
510060
157237
56650
1182825
1610243
411956
318879
1143041
427353
911631
244888
1211569
779896
1195320
735503
178629
1747240
640518
868556
1734545
1337500
555072
1132781
671724
887471
1217743
123918
612945
853525
948008
765034
123516
1226613
812091
2483111
2253702
1232860
75811
36504
1673862
1463861
21203
777028
31405
57308
1342913
6444
542149
768761
1712089
1247379
140623
1758450
1053129
2361311
1272607
442336
534156
583876
1959677
1140043
582174
1915080
1254370
461049
948515
825770
927347
524777
1234588
690884
1226022
1355750
716848
1325944
323704
106975
1019738
555728
1106640
533723
864541
988806
970651
896657
132137
293034
219244
2236125
554192
1298378
386615
270774
2334738
252852
727089
667524
848617
1296895
662574
662902
129562
1142001
112831
611193
980738
14626
474608
1369805
730272
3430694
596643
1276025
579948
1210673
839571
1220038
1237533
1938171
1406704
887537
374775
346987
359899
1704802
977697
371032
134566
1398817
1405482
1102675
641074
2336463
813722
758281
1671341
159194
511397
1104494
301103
1328530
441455
1365948
727353
728928
350084
1401600
560530
1238174
50912
148286
872614
933289
816958
1460115
1497892
366907
1228135
1195617
124764
1495837
1296000
193297
786554
291616
1481688
1082
707659
380436
860341
986886
842386
862458
516483
1353436
128494
403868
526016
947776
148659
2446468
306095
207678
1669035
761521
828831
809583
1760272
1411341
208607
183387
533423
794819
1457321
1454566
1432164
1079637
418223
329358
2392629
798676
633103
938808
847701
1161233
1913495
822738
456063
516056
2067708
1263068
651284
135683
1565445
1825001
584858
531060
1049208
486858
446329
1493828
481382
340434
1137500
479583
1354015
82876
927082
1103354
1085148
600945
424552
534245
1963757
1335695
947764
775907
38152
2140684
2662695
216928
360597
1149824
1160847
612457
100160
865033
2444207
1383774
1741187
854832
293373
1055244
1300247
1558290
408895
1000543
1212384
787265
358697
1948924
424955
441201
1511455
1483508
553837
1112087
342795
1261724
426513
835636
1472259
522433
1964869
263001
876289
1366944
583642
1447979
771719
1413852
1468254
1211182
80566
1031761
1658192
901926
274450
867692
463719
1723872
763006
1581253
541191
444728
283926
1047852
919338
1015805
2125078
458216
336527
526647
2365902
548167
2300906
1272274
412550
635094
1019663
821627
1533821
979226
574852
783118
136641
1060319
1134411
780763
1876244
765077
736464
822886
1565059
2013153
250395
383907
914328
467889
149881
1237368
1917485
1129355
1105208
1134884
730769
677693
978299
1350455
459416
415463
174249
809229
1866573
892147
649085
1251420
991227
1010525
670401
917056
299152
259240
792929
736941
372453
1942784
424419
1435961
1173697
658651
2082331
523787
1692419
951631
1792644
980236
983783
1497047
96307
3431633
525385
990510
313453
1121386
751213
811343
448769
292434
1015431
1502800
977624
288283
272863
759810
1691568
1396477
897525
607119
1575247
1032547
963690
1136344
664124
1680059
1462056
1076592
1441361
1329856
1592417
854754
974932
570894
412026
1941251
722157
267017
219379
726332
983545
247986
586887
2258912
1639748
648399
684534
794604
572893
1386238
520491
477449
130380
222366
1319808
1309923
730758
644386
1965766
149741
600008
1678043
650089
2433434
1402826
652553
1423513
288129
107634
2822758
1058956
936758
2765681
504279
740199
753000
1047346
33400
1151395
1762627
557334
710827
1221173
168779
1093893
1208421
185294
1183066
951431
286269
268458
763584
1289112
337529
160045
398333
2143329
818015
966576
1076709
540106
1656477
1619746
1226616
958229
2239614
1088786
1447300
1264526
814354
307345
2499169
1028646
1497985
305437
1416784
1177607
1891411
595361
485048
1956009
134087
950880
948869
578571
53398
1258745
2920038
623749
773131
89580
418026
1046721
533835
1320867
898880
1127889
1769795
683029
867409
784387
1431290
149869
246179
425849
529627
1281648
500820
402621
685766
477636
222712
1732730
821117
1072788
529240
2327437
372431
976311
1009872
456449
1493003
986361
1440557
961602
1708330
295899
540168
2815921
44833
737660
931690
1190302
1093354
1053090
1270053
799835
1037782
1830970
534676
282228
2415546
137699
75224
1580580
360987
1405521
1473590
2474955
836734
1357621
968281
1115331
755353
239363
902537
1715290
302072
878004
610126
440001
849461
339411
1309356
1752266
2416000
1352316
1434083
817976
72654
613350
736075
860728
646505
991658
1422482
750645
157916
2852
259003
444816
1449153
702207
743995
895062
891473
92949
1183194
1560116
39216
837276
826252
1932365
540475
1105670
1418226
43540
860918
1496615
1098201
180572
250046
1314530
1433110
480788
32624
673125
520099
871064
1699229
2172057
1035170
1051625
1930259
1115743
1808084
1074758
1496560
449661
401629
604157
270126
1441695
389791
1192545
455182
757984
369401
894247
1243818
305584
907971
158259
1407395
897912
631184
2390356
517036
1197921
922503
930136
629817
1021628
479271
585986
263472
1664003
536894
1831712
775858
1363941
45421
1313824
528078
1688551
1458019
358154
1020203
97518
1149724
914320
1577656
392258
427229
1335593
802681
162869
898645
1463653
210936
905065
970842
928579
976174
654488
1419622
820038
999060
1338390
1109878
392270
1448307
807865
2014311
259626
664108
506658
441236
857554
1302445
993468
267511
1935162
222074
977641
1159970
844778
172891
1056964
649410
1376179
545136
775626
1078072
720740
654262
274330
1018972
822434
395324
1722052
1220088
1883709
253294
1368935
869830
26790
1096165
998203
1127918
198822
440306
1724373
119719
291730
162637
567601
415888
772866
769959
598387
293330
344745
1550544
371246
660605
623079
790477
19214
275621
595649
802306
287706
626592
406905
400448
1350681
401894
1156481
1250868
1200446
1585517
720466
1000692
1316039
773319
768611
1547214
972327
1048801
189918
870710
1281228
1414370
305172
476692
872547
154565
999031
695632
1257344
780412
490031
366340
43203
741578
457166
704293
658173
934052
333638
890645
387064
1340364
882211
1069103
1297756
984467
739354
172280
122742
1104146
1687112
100775
2476508
169357
220415
1006488
237205
342123
692898
1717435
413884
546269
554650
526173
308811
190194
1902344
1309112
86333
363931
121762
747939
405684
447689
599299
1412704
1840673
648232
1551555
857190
778539
208544
715693
1412372
1316047
198191
293655
858073
235886
278797
538227
713290
1472525
142661
534059
1715465
1211422
388723
1858164
853398
556677
1105864
1895265
1208317
2055070
258975
231327
876451
961634
551522
572489
1333783
1065872
466533
1239641
810649
1137489
1869093
230055
1450194
2280828
1900005
568054
2417944
909985
49775
465393
471332
1490345
79147
637180
1306266
93347
170598
933230
989948
1416738
1063081
1418372
737748
978347
442107
1366040
1876772
308563
664798
1352697
1316003
802565
1022689
701561
628579
184107
596948
267797
561524
2253105
807373
337041
1323048
589549
1996853
609008
885231
2312722
573737
4370
469517
1096084
85313
1337103
786224
2774621
1344180
1810421
509185
2052760
1031839
701798
1163203
929535
917069
448698
875905
1322443
517241
296726
63593
597600
727000
440046
348287
1194618
1307066
1187333
654932
719040
732951
509383
328668
274732
353967
1209865
931463
919356
644050
1895333
487215
648160
1249543
825628
780535
497864
36657
580625
589308
871025
1474739
1171015
1099053
199893
2192925
848032
479358
1632532
730855
938715
104386
184203
333155
288624
694559
1574936
1630968
204658
595426
1218606
627825
1248360
702842
1079779
399805
857584
781547
1117468
1145079
314331
216640
423194
1302734
1373063
1306955
501964
2596136
841635
913617
1611608
206025
331437
1851558
981679
1102200
841161
1905472
1176852
121800
47974
770606
320049
850300
890522
945616
103615
76428
136287
861706
995191
850285
1475698
258586
1723426
365974
96975
1019216
846561
37126
667795
1438564
347234
404297
2304119
116811
851208
464130
2177933
376940
2384830
1479851
910050
1103735
798080
1488543
328439
971356
723310
1472929
500516
256224
673238
577023
258195
25012
124164
130231
513693
732327
1741841
792354
1098636
527172
73965
977110
115670
2425822
711763
22445
719130
733551
711536
567916
603425
958536
1482487
1390567
50523
1482410
1641068
842633
1452988
781850
444723
1203735
790778
464955
714621
503868
2451181
1067517
851318
996776
560330
764155
1401686
1199898
772965
763914
876938
1369574
629866
659829
452455
653496
2260256
916141
1108818
649023
689538
986181
796182
1182573
334721
1073636
573708
1481795
1322243
1926523
1052680
644178
182457
2134142
1401902
202501
1730377
139350
2084697
452931
549152
554460
540395
209656
1434106
761066
607038
116188
828314
1438644
597678
967539
1331719
133499
1683944
2399388
349938
709449
437628
2184558
1845609
2392320
241731
937605
1677760
168949
997108
522692
737572
557570
634865
1296859
63332
866688
231025
487407
615943
675930
839282
1637921
78443
741382
302885
486672
2492264
402551
1023806
35488
716008
578518
1228927
342533
1224490
1742902
904935
1173665
415483
774798
586724
1315121
993913
682857
1331355
368463
1548973
1251329
1799800
535960
982763
1633618
817663
1487062
865296
606354
1577877
2500609
1384543
229957
1077107
640743
516769
1203126
677201
388243
759489
1463050
939027
1212882
1673608
1222678
1988827
1401912
851202
64633
639826
273002
471125
822027
516604
459710
2434019
779132
1094496
605477
464932
1273537
507193
535378
208522
1618225
264996
589979
1828057
189878
395950
1805444
887401
343366
985665
881123
428963
49401
1715411
230822
634877
81884
962804
878521
528603
1013643
2493082
1487085
73643
926757
1250194
420284
67588
1158882
1521613
981327
749251
1026823
550380
1980584
997547
1797633
1037266
1269796
689631
190103
443950
1472417
1106151
620482
1006986
203526
888068
636543
815866
57705
955896
1020909
84652
460210
260767
1098010
191408
458564
1445419
977246
1465805
890885
10919
1903155
1103721
253916
164115
536900
1849114
146720
984352
948554
69685
1331000
81488
1488701
432410
445444
9236
1164911
851363
348035
1177354
1077500
602192
507063
856922
20485
1730424
154060
726357
315908
180437
412351
710034
366337
585684
69761
980558
1271434
377025
1062466
2940454
416425
50387
2090899
503898
750551
632289
595405
67337
1029079
1324297
1092214
1277453
1170181
100993
39850
575066
911188
1687620
1424127
391999
825598
1553154
970729
271456
2030877
1426220
1568132
10423
63872
1052035
430489
128078
805378
814212
962048
223650
2149308
1627610
1200364
559615
1464770
274921
464173
290619
1773235
1299515
1246551
1025082
106289
1438704
1422312
799844
911160
1084015
1453775
2150861
113971
1089675
416817
2409962
458162
955740
1387502
1041876
1908895
700164
1870153
783332
790455
222882
31853
1395986
138110
349726
975347
1905267
1468915
1337050
261512
632181
557130
837850
273780
962273
1327167
772631
210494
1192757
1084591
803630
1197204
702436
391563
553352
766607
1658964
1151022
1394926
365115
1869499
907509
523571
40188
662526
1242453
1257381
1366549
1389262
1055472
932250
714763
480712
1270761
1167356
675663
1915281
1953023
715992
538497
798580
1079837
1937296
510456
435648
674263
489411
431047
502314
1741433
796382
981314
728451
1436417
97099
295814
291422
40629
781306
1996447
1896906
1672023
495031
754699
530864
1002268
1028626
143781
778545
923971
1462573
32868
1646693
1363082
196462
2971018
801019
1082211
900554
726786
640721
178670
1045650
1013609
304313
1042248
568260
872182
1395568
610761
1541657
1550236
1177219
133011
1090286
1187861
613607
793517
2047097
1222401
388891
1408887
511731
358484
1238822
663840
708
583990
1250352
435803
758232
1279373
161511
777943
534852
983582
1145016
1470805
603484
944696
993262
955740
764893
408442
500211
557489
354970
1173843
413002
476266
1181997
95088
1125102
793032
85732
334780
965681
1428620
160814
682792
90492
1373546
1793896
311506
792391
743330
1550705
783115
563292
836181
665998
1249433
77430
1348988
770051
1156035
825
691644
316055
1102707
1161333
972637
2431818
854814
436931
974882
161534
140200
933636
1018906
385607
995980
895802
46173
954136
886655
1267116
215482
475604
861052
98274
1733236
627126
1643460
3346018
3043860
593414
284388
822606
1248161
678209
429409
887012
880084
915691
1093399
852889
1051568
1677083
681925
2023129
254711
827371
2774349
78406
620191
774756
657024
1405715
618442
993706
1989087
1248454
1884125
344721
704805
1858671
186640
117315
1148009
1064592
2265867
1365172
772487
1342611
99002
1448589
682919
388457
183807
1448313
1503517
995565
1003373
685624
350968
1759901
571068
530086
1102976
2003929
309024
518031
865055
1407138
929884
1385145
819560
1469049
1125884
517206
532349
1707803
322695
661677
420723
403901
597659
1139595
860089
302257
284026
1342419
1037726
1864668
581225
267688
1474073
1702714
302210
1121371
195051
388152
910823
475390
82887
232788
919582
810508
1824986
3548
441700
1212858
894637
83306
301633
690822
1554992
345248
703426
1189666
969914
285356
916686
227238
864500
1914402
3069688
558584
1991132
1108345
651674
1305792
949325
312301
1287275
1828692
890916
1558328
862767
1125797
1205158
813780
1789619
941612
928357
1081529
1493636
730365
25258
438838
662141
523150
77718
47575
489094
13388
216041
965019
1189508
1313123
1224012
1007959
191987
697264
1166994
1438420
493687
636941
464002
1768041
463130
758560
1777208
124509
1546167
581032
71825
755973
1720828
27981
228302
848509
609303
1389867
740440
755181
703471
1537923
52491
154851
925915
624614
375190
454448
803222
526119
871079
724617
1155737
74628
1447660
1909667
1997227
1214841
864700
91827
769019
413737
487581
1151817
1943830
2537202
1073287
592687
1325756
866356
564558
1963691
815860
1138853
1384645
584693
1179207
613885
1010598
757791
620946
252321
2009111
913096
343292
1168694
1434255
447043
776303
234956
657823
1320306
2877099
772460
969524
676097
225854
1037864
466305
2638409
470616
1458502
406914
2320300
541826
1407664
618244
59695
1231670
882339
959048
734464
888241
1306746
1238479
1409164
985164
511231
1776600
1460516
883986
658229
1397196
557685
776083
61869
706404
1996554
713631
1111819
78985
580808
500567
808988
1607457
1277772
334404
747167
727058
1899500
1838034
1265205
1066280
1271215
953663
1414927
641273
194931
115669
42586
1268208
1004259
833567
1738513
777200
185018
1073024
1095207
669271
2112863
89574
1133976
2488906
437318
1148165
849523
86903
1110664
906951
607342
463901
205639
468745
1316111
2702065
951945
238697
352634
940035
1215735
391043
973732
710022
1780539
82915
1315835
689269
1678683
285436
438519
1159065
940189
377246
134953
5968
1592768
53806
1345319
992656
926651
997431
895706
220561
984605
2209477
1042796
523824
1195178
1498299
783929
1561240
317622
1208738
213624
2392837
1569000
18025
742607
217417
106229
1155860
1487929
108984
2081471
1799828
1999196
681255
810129
1423998
884339
954935
1414785
361247
729181
572824
679114
1411572
488617
1705873
660300
887424
661863
944965
559434
629278
1337716
884440
440199
2245150
1215017
1457367
692196
1993588
1087208
481566
964866
1057299
1730924
707516
941207
474113
889621
1080473
1752375
619979
876853
1056192
1234923
335201
1336258
778016
795214
336996
1129888
407957
625008
129923
224978
716108
1224147
1335213
555205
424396
515876
523752
394753
1985976
1398848
509448
1506485
616602
1137581
1668515
412838
2834402
1068921
289608
766236
1881396
494074
223320
553458
1011528
1267209
817620
1034976
883700
2142692
850205
670670
1439213
795817
827747
587935
144531
1066481
328988
1192736
308242
1345304
924766
631027
401229
745135
457744
1081765
1479838
2166786
164642
507472
609536
590996
1352004
110006
365431
339035
1896380
277923
813998
588611
332792
1085861
597542
501188
866987
1680628
991064
2061063
331165
60128
128984
577571
1488002
559555
1368289
346008
1264020
1779916
856600
298926
1267268
1366572
652561
1191380
1233587
524169
1963799
1275360
1583271
1020646
737680
64550
1305280
852563
471621
96480
1917618
1328830
1335239
1701602
267573
438846
883029
720000
988063
126079
1465539
1820613
1349339
980087
995613
637945
2881339
1125773
1200658
2233912
639568
78505
698773
129011
1068833
1583491
161637
708652
826498
1102100
336852
664410
694435
855995
1974956
2998622
1288945
1563765
577590
1541640
1280930
804453
790782
622483
562705
277380
761753
916672
520562
2105517
154863
1096539
1227271
963215
1315548
959504
1267768
183192
1579929
1398960
990088
1649091
1928256
59981
155307
805862
1328596
681142
519230
802211
1319623
598745
802103
1422576
1123486
573180
904547
157869
1495896
63839
1416118
991786
1274005
602072
708292
1474426
2123066
1709331
106581
958944
775224
1187886
156127
1561245
1468085
964118
2175350
171163
955914
624104
2753542
1324609
663380
778574
1935817
1663004
589840
902749
35675
1401358
201766
289265
1569298
177886
859567
546445
931378
1107300
719385
1734554
829799
257367
719247
980481
560147
541373
1883678
254256
1398863
609271
762299
829422
617878
733678
470921
93892
1499204
1516933
415647
228466
988966
187077
1133870
1467922
1209107
656871
367465
1197108
425343
1351242
842758
591262
853975
1221946
1870025
443623
1933841
788608
6440
1711703
592610
896052
1595506
973574
1301595
975716
43761
862422
452405
1269864
779959
1311831
956401
996972
479293
908095
962052
1281248
779759
487051
1209238
281832
671980
2058109
1787444
1690403
51794
1208058
1199395
1442914
124575
1866088
1824029
154096
42107
41514
349759
726784
381945
1186049
256328
695359
707492
851976
1180710
993023
1940575
663699
779730
589670
566798
1940588
242435
273081
1334201
267538
1448808
1814800
1519127
637847
979286
90559
1935183
2241982
1108073
244293
1001954
445367
511920
60989
312365
314976
103528
1329544
1643539
910145
1422386
2339324
477856
567178
94952
33619
392945
1827476
125618
2719002
780247
171194
1403999
538619
930755
1137947
794167
1369234
235652
1824374
862644
55697
609524
1196745
568984
175417
499225
778927
1600514
1100862
969551
2419645
629410
14525
804940
1757505
899187
222020
1298276
303519
761807
228326
981875
1114032
829126
361986
827746
382016
543504
1068728
726985
1246443
250890
1589551
900571
743708
1814629
700941
872808
370603
1839521
795293
832036
1875930
116928
954590
1175438
592275
786910
1180310
1820083
926665
1480871
1779482
382073
1677200
564840
284000
1923264
529315
92559
913004
1392907
876057
528310
539708
211205
1230540
1449410
1233208
234728
1592399
601586
89409
863071
1063090
916954
1333084
1324723
473149
650198
931204
926827
274062
75012
577650
699989
195031
176370
2213074
1625610
8992
305630
1256075
1605366
1477405
629573
938290
2387678
2340405
1613050
1482196
1356323
1144696
752864
869830
1599659
509539
654362
991891
832775
924570
774823
253450
957303
2172969
150579
1545033
87026
1524449
1188720
972626
1274731
178995
587531
1073745
691350
1434867
178370
59375
359409
1240690
960251
945726
1047877
1573633
2419416
1006057
925524
1365639
1207374
640287
1028374
896518
1906716
262276
1339556
761560
587072
307549
924990
955784
196717
758430
997551
101431
805920
1238329
775159
1372149
547674
1273453
826506
1094881
1260208
881425
1622876
542214
1708069
1073220
179046
674043
1665408
769851
1265131
493502
1046977
37006
880412
1598165
1263415
216615
671619
2376010
1379157
740368
440291
192554
885387
638304
1196452
899073
515992
529098
875925
431837
957892
269930
767666
31972
287508
831989
332686
447515
1316702
576100
467795
1140158
504676
1684837
802061
436894
744260
2187494
331821
687843
1224277
1115846
603250
440134
184279
564578
1474826
1933491
88489
1448929
277534
424993
455269
1494789
502389
282422
597200
936375
2224087
590403
786131
390294
805114
1074976
1145486
1419075
283842
1846029
913428
948820
345482
801390
1626617
1258555
921768
577225
1477871
605210
46389
791110
561272
101838
594354
832746
321566
562654
802031
1226489
269382
620710
858669
1340175
1186442
1421740
214732
796994
1045293
1573542
1816488
763871
985617
1232590
199076
512487
2326028
818891
547761
790605
1871457
545125
932401
161142
988914
1709646
168924
783348
1543611
1605584
1037676
549256
227937
761694
2476477
1405435
1034161
92035
1185460
1422368
741517
1131433
594281
495473
497960
1087919
421160
404523
185371
985139
410138
803856
1238008
1888735
261673
751744
558659
2144475
1129513
998972
336040
325527
1832602
791743
1016686
935964
1912530
1509539
1097139
212502
2695360
330389
1389401
1190344
1654259
97757
663494
118900
867074
636949
1179537
1163597
1394030
1625932
69407
1952963
159626
223167
367862
827859
34083
37244
1073328
204561
500195
1127067
337273
1205562
901304
826914
1039483
590050
956250
366557
81438
409055
602386
738240
188117
748121
305758
806338
435739
319479
1880665
125310
1417668
501422
540160
937871
75415
387857
903288
2135472
134529
1337176
733204
1599864
1267405
1078806
1158363
1357686
932727
688803
912143
786037
539047
439531
1021360
7542
449475
2969689
263079
46957
821604
1187692
1775240
687874
2667954
530748
182423
981997
1407347
348721
1923923
137750
902534
832104
325753
505392
1655990
133643
726248
1982425
678834
622037
478698
1721464
1418337
1389734
481755
25626
122970
676977
879851
1449170
649945
1209800
75301
1347540
999701
1450920
1357563
372981
634518
1464111
590465
893929
708747
319839
1924670
1911777
313089
750997
375498
1036969
201336
667187
2052953
1423843
520823
591790
1365598
1632650
833224
930813
1732020
488430
898629
824519
763615
402511
1548729
532207
576855
587585
871787
33799
337197
806885
981340
2274967
953838
2158407
3278650
1543312
1155469
681824
581013
94810
133254
593201
199990
64478
564358
922593
491031
704280
345422
902908
1547125
968037
2306943
1487921
404618
778797
1004280
972304
718463
962037
1386403
786245
1208101
215276
231382
1497469
1353356
1491192
1353118
1726235
1976053
1700485
454750
753406
525642
781074
2169245
730682
302933
747839
721767
1467256
58965
976926
77427
1199509
727316
1421885
1441418
2196187
481853
864822
1390927
964871
700978
1732028
1407042
1342463
871780
1660778
1781447
148726
486756
1405393
1087917
1043783
709502
500710
552273
512658
1015340
332942
1813897
1394879
284656
602767
650949
673686
100899
1052028
944089
700512
1996818
206245
276446
1256389
1158864
1560513
1847102
1012682
90477
645569
1443222
137709
222958
1723354
1487231
825959
919422
986838
177998
243238
200458
1099616
355682
972813
543218
43827
2289732
685938
800899
1142022
158480
739930
675593
1647262
525275
1126428
999369
269207
437622
731833
867444
1605336
24343
426684
1446815
247483
1166399
1707514
60503
870975
665758
575600
1858522
1364306
330491
825117
787688
1006693
72985
1656547
520800
2290806
1076444
1355046
88206
939901
29074
1286664
521546
636380
1416981
1426408
1423812
45837
697076
1084095
2901955
1970609
725626
511677
222805
289083
1837327
1683597
1512775
1433568
2441475
1137803
818430
768611
1326258
772774
495750
1070473
1173801
1469183
789519
1370366
964847
118918
2321247
145290
463208
1425364
929610
228315
769307
934257
2054470
256120
1005436
614764
1497859
1581480
1080460
1685113
735231
1894373
285829
636179
998655
916937
1780602
969303
1396129
701850
886051
400226
1660502
943805
174431
358544
1102836
536029
1908731
57656
1737169
1188991
1241752
194576
167444
380939
92529
2164258
880013
559713
746914
895312
1534349
8382
801932
1334418
763031
409425
2334205
1041490
823997
2594823
999798
2480298
545199
470807
599981
1187746
1096374
606770
1275321
1356753
324134
2803
1080373
1129366
1803673
1555976
50308
131931
1200096
1542626
268251
1611982
173500
501062
665765
1955780
432275
1393401
158312
67827
79398
1233578
414285
1623219
852871
993670
255653
620890
1469263
1522597
789296
826522
867764
1173493
43936
838209
1129217
1757064
821570
1009235
447688
541159
420581
181711
965818
454779
894780
26948
788127
862107
954662
1563318
258472
279423
704181
16154
955817
1032648
1206228
21747
408780
406450
798666
1461264
676008
1186175
563236
724427
2063385
131498
2503031
510695
354640
1375853
708971
712622
1369010
96727
270236
1290190
166886
69941
1410051
1343959
957904
132995
1666938
1644570
1601442
1188312
598277
207081
1068250
2388596
186900
65486
1168110
202607
191821
967281
811307
829512
292015
1099443
654629
230510
949850
2388073
1703728
207190
48755
642463
1649813
1703106
449580
1638482
794824
164978
671400
1121264
70942
194706
649220
2051351
716803
1405512
2139578
1942288
646577
1418944
337320
1206991
275652
1649726
1125110
1037106
185714
671272
989437
106778
73792
922645
123147
474098
723031
858206
137963
509314
2065757
857160
1376522
1766935
1384936
148755
803390
661402
818196
2071754
391304
897843
167741
680655
818976
1798881
736464
822122
750615
59616
767044
1699958
571104
658495
1811854
159184
2259889
116195
263225
1407077
1265070
1324581
1819131
1242816
865806
1347660
1157612
690453
780573
1199439
1264154
284885
956329
147186
334495
96406
1189441
731299
573660
572262
1845791
888058
1255046
1789172
806063
1726130
855846
1479843
433041
1007727
231206
1424276
308449
800949
870607
1692023
586430
841897
243095
588246
1709807
481648
1553119
756230
692266
1437994
458691
1974515
578999
1014545
545074
1208590
1486138
136507
1971877
788158
1972855
358000
20052
418729
1169398
553105
1371147
164325
383854
868591
911843
1447240
818567
1135469
1203285
513552
351872
1019450
1590833
405496
2847511
559318
743828
274720
1238639
1413447
1787039
1187200
1855700
38559
264300
392176
223939
831925
164260
2412575
408334
781222
52275
617974
589123
2172399
2463973
520176
1236820
2344177
1796849
302241
210810
1287337
403610
1213928
621628
813586
484575
349819
958388
601889
854160
970741
694937
1234371
483880
597095
2686495
571229
855650
2205440
650851
1064137
2083531
971042
1032267
526130
957215
920683
681715
129811
289688
68772
815915
704409
1153320
326866
964164
1513819
1024943
784383
1331666
497466
834447
2011980
1473268
1294626
581253
86685
1986679
805412
1830650
680969
1312641
1686295
252447
1289445
23987
1257522
171550
197876
474254
447567
1057621
1012950
925438
104134
868837
180242
2566300
1673036
1347761
2376168
911254
279728
1150826
129599
1380946
1272313
621710
1023376
1168088
766374
547640
847670
497174
1571498
1271578
557755
470757
751628
205423
1231528
1924178
466720
853941
259217
1368063
1836044
60959
343779
558224
767938
520912
345426
1564107
875965
1421643
648907
1463839
7779
2349455
549691
517325
1325535
941512
637283
538189
631489
949160
1411233
1112207
721595
1001724
499203
1413995
1873666
607555
1970323
773403
822951
37441
469889
1301228
465848
209465
1154202
414013
212350
925792
294540
2110247
977948
254933
1431514
1332835
35690
801782
454283
331409
1484853
332726
2270449
2328253
1259421
672883
913793
2111300
1299154
418700
313654
989309
250098
1085143
1312106
983644
638506
1397399
4475
786872
498031
192243
1266301
2180629
1398817
223532
526506
2724
1515653
2483375
456714
501071
1297541
1011536
1136681
774169
2081453
14047
816669
838634
693291
699707
1718296
1388209
1709835
1417708
12728
295147
675605
1387799
495344
390985
578348
1710546
1936187
54774
1388462
1572895
427045
2542206
2468554
979325
1120862
904723
1264778
891969
1289892
2650833
988454
2380779
426771
1973514
792041
1464285
599220
311204
1559980
2957646
1861896
2404902
1265044
1414532
942711
1450907
615345
183976
326657
1642006
883325
687962
248457
587196
346711
1055085
504545
891080
1476226
197142
696542
704784
1749350
42277
363553
120461
515145
229149
855846
2466593
623250
334888
1325877
501721
342116
48747
857995
2027258
559418
1050816
161037
521409
984204
724491
1337040
733067
1231910
646635
876016
1396155
291720
825018
254579
526979
872487
562616
403841
764162
1955526
982408
1223275
868052
649433
236102
79484
1072656
956352
233207
1138409
1871859
30019
303016
825977
1397922
1768087
148667
541624
247797
944020
1271140
992422
1357849
1600249
594265
715551
499604
78566
2190223
1050927
661907
414589
1509578
1495997
407113
200382
68595
758649
1423479
1519876
480629
301803
887057
634664
1801899
2242529
753863
1431577
1459673
225052
2728393
652445
1430338
145760
419755
1154928
1636033
1140127
1861713
546623
644568
902985
700814
332777
606478
1604282
736365
617883
860509
364295
274073
2244493
994193
482127
783904
533477
407605
181986
1316314
818414
879150
568121
1729808
879421
683091
54618
1486144
725802
435099
1318158
782661
779919
427422
948169
1608797
896839
68000
1464925
417771
1496109
1491951
1173795
1144771
640150
1125014
149327
1050188
1392981
827601
2104792
2187240
909395
978345
1080745
1657271
522512
2423233
925295
1017091
361346
1271670
1254855
276381
1908400
645805
1962827
48556
591410
809037
331842
1463471
367759
211477
934537
350305
989564
1398960
230121
878946
1347061
2056909
813407
1805820
1147331
468371
758410
1663819
170834
408345
2276956
1223839
418740
2394300
719624
688868
62014
794097
1499917
16265
698374
130465
822917
929126
747615
967163
516020
1202942
1145850
994893
731192
906829
2052834
988340
1177298
557156
691707
780987
109366
925687
440479
1248552
517917
987969
1317309
256985
811948
1059206
66135
982421
1464169
254078
518528
1486471
446690
46906
857080
1973965
1925825
1454056
1175500
530614
730552
1651321
1417206
483634
1204589
778602
2557429
1459659
196299
1808456
750834
826104
400429
1148085
2462616
660346
573584
602863
854998
1738663
146651
852889
3361147
1125867
1854357
1394681
1820597
677431
1685996
297705
1144495
529177
773222
568498
2451054
680019
636782
1314363
1150576
1275727
1679556
943753
1907529
658647
1964969
575718
1328322
1751306
634158
921356
141846
1125938
9601
1401603
804916
202043
575259
588495
994004
904645
73296
1227118
674911
611138
716828
613413
81510
388483
1341071
98531
1204582
56756
809437
1262118
806142
546096
75597
1102402
937622
1328758
354020
432296
758037
1613570
832533
1343019
292166
1060672
444975
1494886
1281103
362467
850698
904131
752214
1269052
883416
470077
1386202
547598
905613
1590157
1113427
387141
838291
321963
360782
1390126
1944820
137843
806224
1958666
1098604
623919
945069
600003
1608627
925276
1314605
126889
500557
1482860
1033123
437470
682870
1381523
450226
113204
324693
1382183
540326
785408
868867
2383943
648915
504559
1045184
143748
988022
182815
1504251
753734
752205
1878801
428292
1202958
1972188
1705569
867800
261793
1177638
584671
682833
695692
485453
810464
157359
305612
472175
921589
729967
1957197
332838
700389
700942
1754715
2124003
470558
49570
889310
544624
1053422
75454
2475014
1929032
876439
952487
975791
66652
1348008
700992
486791
143596
524881
440439
862387
2309959
758262
1457074
2086200
994952
324652
1029282
1218365
830070
1554249
1919018
1148598
2309407
1069693
2319283
497348
9945
696902
255768
1422305
1447486
1792169
1115537
877664
473354
989732
1178439
84698
235323
754696
575515
678028
541070
917196
1187515
415972
911225
1277924
171946
1162786
92113
781912
889362
206084
1008834
97272
402129
598659
1334701
1213397
1038918
243553
269802
996659
565119
1767885
1810754
618786
1083624
1331493
549488
1870035
491130
543907
830013
635758
757189
306299
276639
653066
1502147
371177
69333
462398
959651
846256
240328
2195773
1400855
83749
18056
1394854
1216004
913203
421640
1689760
99627
873088
670624
966956
910400
893590
1403207
342204
376590
638180
2491058
1403465
945485
537899
802037
584106
1342666
336285
633404
910663
81657
1203047
978125
727029
1155362
786680
785669
955333
1560333
689763
649237
845533
1534515
29191
1965056
994287
757546
924183
817435
736719
1098261
182780
1277800
1705319
170895
964382
936311
932078
241082
1261226
641315
508320
829647
1253461
794958
627694
135596
239528
12418
512221
694526
637117
74252
2790293
245746
104109
468222
2110743
470148
415253
268264
1224345
511914
1024502
582267
1566965
168710
975937
1477922
152037
2907727
511068
601191
942739
1392802
1265126
352295
1267764
1139795
853759
729721
305468
1306866
673420
375562
1295764
648548
121055
1072693
1017104
1112999
128795
1513355
511717
176809
1477758
847718
74496
1048943
37920
407858
1033177
201669
1132448
165410
1217741
1963342
1337702
1274675
390482
572593
2345195
492008
1971501
549926
1151037
756170
772552
1738821
144360
1002147
1430183
354354
1636535
1562367
1113248
1762383
1014208
322503
1388722
1378181
1036742
669506
1504854
2939256
26432
898513
687130
1245838
1394432
437390
989909
1093892
765751
164265
1555164
706678
627580
51528
495066
700657
800468
911586
992678
952767
471571
993600
575318
987478
615945
43960
397625
1347333
1364193
1039150
332073
185284
558603
1003216
212647
1551551
300257
220020
720808
929351
311471
1101434
674453
653342
520821
122977
1992185
560165
643215
1558416
1289370
2883211
1986620
1414635
558098
1301244
1024612
294198
1379615
594123
1400251
721362
762398
948486
1469546
3853914
459230
1308285
701141
1542499
860664
1855414
24768
412405
1341508
507961
471059
1441648
920303
790939
572518
1959143
858640
935473
1209726
1916347
820609
2416699
1203133
187805
690514
1274995
594081
871499
1644096
228824
722571
439245
716589
1557155
735240
1350676
722257
2009486
1877
468695
1550869
641124
652772
859378
1069416
1031249
162755
535172
614098
402767
390213
1474701
14350
1233137
513505
600617
977692
579192
329054
695925
495708
1485464
1488313
644836
505246
217710
1350822
531589
1134718
1341929
363706
932316
811412
823354
1228306
553730
1433361
834626
479157
1227875
3277902
1406142
221980
1042140
27333
594841
1417883
992054
97803
541303
787840
1388138
1448733
1169121
230080
396058
463614
117946
463322
647409
973259
376869
830012
159136
1109069
1701944
348970
790845
864021
450410
1385637
1102752
920398
678301
1077168
1955940
2038580
1340528
1101399
921344
1267337
779627
1281393
2233833
854320
1413455
393389
706381
313882
580098
866321
664501
528453
1049405
442501
1170495
394988
512570
650999
764286
1740641
104997
258881
455575
1717120
564966
900813
2503458
139364
1885328
249089
1391907
1096644
696529
1963550
731723
1001440
356255
163531
1987607
1896348
853091
834487
452108
1120407
982445
956675
820436
242846
87644
429735
1333473
1804865
378448
193876
923972
1410222
371190
344799
561
632228
864567
1228198
1069499
954887
1408389
476819
2448718
195290
734123
794630
1380182
798930
551705
1496791
825202
536142
1307249
882594
80253
1711469
1484985
210564
141891
559936
1065445
1762858
1600995
732550
523336
817522
1814382
1429437
1408191
908241
730403
1456829
637539
565531
1678286
865417
1492497
604842
829028
767687
1491455
434399
1373316
113750
1227365
694380
1714869
1942022
593102
547131
396511
155754
598914
85840
523312
192754
1657753
1289201
1013716
710974
558758
1484558
17977
427732
497318
1152900
562085
517722
1718220
444932
1064990
869126
62898
646937
1719069
247866
1469670
1155951
314903
1215221
758678
830776
379825
1952557
539746
987248
1357606
1421152
263493
225481
414688
502097
156551
759754
978295
1088183
657354
254616
449394
2265240
22040
931103
429920
711517
2403533
563570
2144442
492871
700814
864534
785984
972039
874318
1032902
574038
1086802
547425
1062264
1363490
23803
480647
1129510
754061
624898
80830
43087
1051322
1004466
1852909
921764
1072622
719152
1341777
585799
640070
836215
141838
2471510
744854
1587400
461595
1894062
857261
2196326
537554
236563
1230442
1182983
384059
731156
472865
899214
903676
630548
1404983
618494
745640
524107
112255
889681
1225385
552980
91447
376813
2728115
161001
778667
1569887
504302
1652848
754766
43882
1534024
58242
367288
244575
137405
470153
1256615
1100344
579180
768719
825661
1448807
1474944
295518
926043
451440
3484447
731530
566496
654047
284891
1252275
567497
870012
1789434
82063
1341261
210275
1929196
1193550
966493
773848
1260913
486078
1118174
1684767
561260
412085
1810443
1243760
1431729
272661
840275
446225
432302
1003441
1381684
121029
1869217
417302
27514
1289610
360574
1441646
1529663
1373769
397251
2410536
412135
607438
43330
115226
484063
696511
945330
637198
1990747
1304368
747547
1283106
581138
1458588
205508
623442
142271
702296
330531
10105
479582
741033
2754793
656733
1015625
53181
1352879
1101106
649845
195487
550697
1476573
1958900
447724
161901
277185
808657
834058
588104
178686
726091
323647
907781
675006
277079
55079
825347
883058
674941
839783
698587
1010210
397622
918215
1757715
1193931
756008
352868
1522634
1263496
558376
57354
1223623
1030332
290866
662152
716744
421390
906254
488326
737901
1801723
386345
1392601
2127111
583315
349718
1351358
537801
217986
602729
1060012
590833
520568
1476888
1068235
509403
134122
2415893
1080011
1885834
669439
606355
1091800
681435
964848
1472059
439408
1060497
102159
1155922
1338782
1163007
416080
400115
1482504
585181
876398
858892
1247852
236082
712013
1380159
1192242
437602
113606
555198
85731
876477
413992
571787
595646
1341484
546241
333074
1595602
117025
819525
1094252
1183375
1764577
726062
133146
187295
1701081
333482
983364
1240954
622786
952187
672308
2000158
1733178
686880
679035
578309
2224330
86393
199366
970136
1373685
471728
566821
596969
823372
1194108
1445762
866246
2256435
1093479
939234
1451377
956599
1427512
2888258
575156
783447
181652
1481399
790585
1059667
1249541
224683
1523360
1035678
543621
899384
543793
1002724
463613
692460
756632
125728
3293198
532737
736440
1701253
147258
488062
1378688
881742
404899
1902967
1026274
824557
185369
527205
514186
800885
921690
184458
893171
1194572
110778
627404
165853
778360
899146
55028
1171746
648749
354302
174507
853775
407225
1190543
818329
120887
1140564
560583
1406371
995307
1241903
509316
939816
985614
1438432
1193468
1238367
655501
627599
96136
15319
573747
654568
1900708
837843
1227201
643142
439738
1341001
875524
1567104
240647
1218079
1849768
846044
1326078
1729706
432434
1276949
818385
2386668
81684
831761
196598
703248
1198977
189515
357711
236172
556008
323170
647658
174171
626468
959332
1444144
228253
1429145
693507
4386
477493
1045251
1093467
1571493
573669
1094608
1204773
583079
513489
994838
898371
1786882
1170966
139206
1738896
948742
706605
1413575
1350923
775996
519945
866215
1188904
1484781
1655506
613204
1320220
285322
1116197
1032529
1971275
286925
653874
2107851
745112
336964
670072
750866
1194736
681879
635464
641517
327579
207047
1546139
245390
695112
1009087
778458
1546028
517468
1230256
614962
632119
1371359
36476
853080
678446
203371
331197
1259976
1456436
976154
1431527
10877
95304
349171
2316976
1497141
685755
548025
1593784
982060
1734660
861208
1378380
214266
1125495
663061
712333
1309106
1029692
1052249
595927
226849
34756
385666
750020
1373385
389661
725710
87734
1397345
2108654
662349
132540
461234
757286
904809
1458037
112727
2315479
958557
1200312
644697
1133191
1958296
1015709
80621
1531854
405492
1307741
1520595
220995
830847
2877980
2600213
613017
2202381
848783
937185
361263
167809
508993
36652
1603884
1095934
1176729
662925
67569
872086
407582
597402
209104
3362902
1717539
806826
893571
1403669
1118949
243312
205439
1229887
928665
511511
1008494
172106
1098988
1584935
1153059
1139676
680459
636732
518479
819647
373802
938438
725978
1063883
973513
896298
1693046
596630
45784
2067963
1275541
139202
1045635
1083037
2206882
253451
810226
916927
96084
895604
1038927
596380
2497287
419349
1813747
1292245
1397453
1449868
1325220
666581
514025
1204869
177117
431210
359683
729391
527608
1913925
634495
324516
822063
1155061
111920
1015036
621894
509901
1264977
1271799
85838
1172279
812124
278158
705387
1214172
1216283
724541
1057693
376699
437283
227639
1630788
1926442
268329
712782
212485
688757
1568308
336965
416018
1357849
84697
1189437
1556367
1137733
967789
1507840
395159
1037941
1781149
666101
502885
462995
665153
532489
651127
1935188
1080694
597342
291062
555092
522099
1316379
752729
581270
842427
935896
5679
2472450
689944
963820
142020
551460
458288
388188
979747
1411238
1419769
41579
721987
93587
939856
748001
1764389
1517264
558671
95137
1232961
618816
861029
26291
858601
669532
1307526
1699731
958126
591508
770891
2398844
1602951
900493
1063260
1255613
140665
456864
318833
893854
256057
1160852
531200
530551
900564
158593
1468280
974646
804472
1081833
2004563
169042
650484
669660
227442
913945
961379
987439
929547
473019
467183
86113
1211077
698521
46937
84051
788203
290261
1481405
925131
879526
579327
824699
385324
353069
1237570
626360
968508
751391
784945
788395
998459
1254521
30905
644861
1879140
1562218
2100492
1078736
1496650
107628
505551
541865
1205721
732277
911689
838001
741264
583570
393393
836701
579327
819356
1238267
675446
626281
393580
566566
585531
712256
954387
1463213
1530890
518145
853644
886577
896455
414516
184090
1135911
1935036
133673
270741
1960779
1145159
370360
208615
750281
17818
1841662
663133
1549164
631396
604889
771008
1803821
378901
30952
1798187
80513
953703
252649
655934
1297831
812993
2644055
1645465
483606
1346782
1475143
824332
787783
432915
294471
1294003
1974636
445493
2066362
1966311
1386068
722049
646715
872150
1762722
441726
591029
640572
1399378
130790
571780
161779
551886
565226
1060595
185006
554715
764347
597754
1666443
739108
1366478
1416283
96462
634120
1131328
278400
1012913
462796
97440
1312539
600097
653832
1437010
1149955
80812
648847
558743
1328527
549950
865061
1068243
2213818
1018642
640330
987791
1924954
1321357
1523781
2013190
265061
139055
255607
200420
1138250
1750410
940901
657392
1243601
1544444
1847753
1178258
858135
815073
891198
2110969
658513
50633
292367
1301372
593155
545648
1338275
1001801
1206309
899156
570159
702115
55962
1117833
249408
1418156
896053
1223536
254091
291562
557586
1273134
206395
1163023
382965
369376
1349406
1286265
1076394
715699
1673333
116609
610721
443321
851102
608344
434541
626496
408104
33876
174881
31556
1163995
785104
898895
298893
719433
133178
235621
1884571
895036
12751
1565581
839108
359366
731720
611560
623368
48295
680577
926384
424003
1667943
1904599
1051472
1368009
126809
1167191
1450665
357880
872815
1478463
534155
273967
130952
3083620
275892
633796
999771
672443
1293713
1114747
483943
564668
330456
238074
222177
395561
605447
714688
1224929
311604
273956
193981
1836081
139143
1925401
1005541
182427
18342
84146
1321254
2054869
1732727
1700958
1060673
292724
555243
401543
918716
1147699
357501
709654
1174845
712007
994335
472431
1956442
611433
471516
1286541
699733
1324582
696704
1133796
436974
1835022
893821
897016
2836536
427327
581808
1789702
764629
1120918
1031592
899030
62308
1064218
2903407
1095810
966208
5357
248074
739791
1174540
699544
2199875
566094
301362
621753
73390
593463
821683
1747252
768336
901418
1063360
734235
525636
119466
1462863
896035
1708033
870559
1973872
590125
1457982
1927856
7463
904790
26718
1354370
138204
1000836
520431
208409
1768053
911030
88532
81073
1292909
726958
492139
1296544
1019525
1812133
100081
940851
964160
884372
929482
481195
2320309
396835
651333
702395
1459461
314776
483237
653799
1054676
40389
713571
198052
968123
1165973
1633239
131023
673859
650877
917182
1100948
1690703
191785
449219
1167439
900242
827723
480329
427325
1056441
926150
879466
1986970
1358775
298952
1823553
532483
145256
1017872
146798
1421115
576310
687902
2024521
648941
153072
972844
314122
913880
1470350
635266
785568
91020
1490701
1411438
1164405
993401
761995
254618
1427138
39632
939719
768991
753884
300681
581535
1450655
704674
685837
1154446
1457208
629130
1966997
136712
944860
48559
827703
1483261
858149
404226
1839241
1930319
1499149
1242930
101862
656601
979171
1841474
456630
1389830
730401
1019085
74515
1320786
512291
277920
574735
976136
203097
336765
545626
1312639
758885
240463
142664
771259
157288
2303319
1423831
2100613
2341374
811834
1263254
1257039
1964050
1447405
429674
94512
575923
1664806
703699
2404639
1256462
156200
727604
1022262
1192861
1742290
1190231
561742
203076
886221
176599
692794
1292676
1247353
473216
958153
785455
76475
1290650
304645
2269924
662349
824652
557994
80765
972266
452036
1866285
775371
1239741
1326874
540818
474283
963245
628061
142416
882457
891759
669358
1200428
799819
496111
653392
1389240
1926048
944420
801898
1020848
604446
1806840
252300
817816
707106
710297
793398
817532
1025690
358280
2870911
767884
489975
1612899
344185
1434267
803302
1459609
616250
457179
244965
425201
1361151
540800
2004601
974303
1480849
794551
115462
1941805
877329
732874
1428320
396170
1186073
586554
1176742
1097914
820576
472288
509045
1984193
770696
738474
1210114
473077
1700188
1461429
1041385
946759
1182393
1652020
1111274
495510
241750
1240709
1931932
2041689
367238
483379
936193
1615118
25122
1135508
262464
1187756
1411180
1237448
489145
611850
824311
1633172
1228347
397490
994731
1750850
1130968
234925
2512909
600126
989890
1338740
1013700
665110
477207
1320345
675999
465622
1924511
1228248
657594
10502
112638
165381
1472744
744682
838540
164315
864146
1224765
4777
1343334
1237190
153586
700150
683702
212916
245168
425319
852265
1086778
1259664
74043
1579420
2071688
638334
1290198
923542
1826246
1715152
381773
329209
891034
577487
1003496
923213
1226063
1166952
414094
812658
1351703
182198
3446562
944555
128089
631640
957171
2345034
20367
331441
116664
481476
1155374
501929
1840738
1149946
2474193
734310
1126323
454665
1440728
1474288
197364
705271
567250
1950023
71084
713954
1001027
1572010
1069236
191311
1335591
1720654
198927
1206740
1152797
1307648
721790
184842
96359
731552
516505
809114
759350
1460675
49762
679307
793099
544909
934075
639214
1838208
127376
540447
1397647
1716846
743884
76597
16096
1354192
992492
251625
730316
647694
610146
1204573
250813
657020
1010087
477636
668721
410665
1891930
1680182
1344072
1935932
504636
1756903
1530635
1640417
1045644
1357785
1774274
690443
1664109
942170
685277
1435577
674138
1151952
131588
786627
1513034
171353
570469
1188023
989485
766199
588802
362916
1849673
33903
2324156
39233
1270330
508634
808552
478190
1115182
2777916
539669
284544
43458
291322
2354815
148067
1246371
627857
473212
320545
1829580
335945
1116744
530311
335679
1656719
1363671
265615
1665739
880554
2732415
708001
994594
856940
2067719
929147
940445
1950482
509944
169400
605910
677071
778022
456756
1104968
527786
1827203
1133494
534382
1219760
1172233
902992
639358
1937931
904906
824265
1218185
761785
1014590
709698
703129
1690017
770480
1963805
1791982
459976
250702
387394
1288862
1621097
762451
1423652
1909616
2800075
919546
1171529
2141628
459604
358889
575343
1308298
169187
295168
983059
1881164
709218
2428069
471283
1239618
285762
1252630
2254588
52626
1819337
1846386
310694
372425
674573
1419724
469859
997145
1734572
1404085
901568
1272600
717116
131500
2335211
828185
1201668
817069
179067
463571
461078
577148
1363029
1267156
867772
159189
204531
1422504
1642294
1825082
96744
856530
1264493
1153439
757831
551663
1251305
1263069
2061418
648971
919974
716250
646711
581769
1677582
1036121
1303109
1227100
905128
779884
302629
670948
1342293
1361626
1096996
1120495
806722
1489942
1916501
1296725
1107873
987878
1290963
1408214
362938
1526453
1084717
1944251
1087430
566335
1388963
704143
137924
1069502
131701
2484609
1040301
1344157
1192228
229920
690441
642112
721209
2508347
1348140
526678
1671722
113275
1025378
2127269
328643
270918
272975
1552120
335081
254138
1185147
1724207
1029762
63723
152978
624876
274586
1483202
1324850
1922845
1308679
1207355
666404
346227
707828
786370
1836501
818823
2095075
241010
2810471
62603
442292
2644115
629576
325372
310795
847511
199372
211850
1044758
434680
1507549
1037065
1000436
1363641
1396664
1100160
690874
551615
424987
1000148
569464
731442
853121
1706968
1258337
884989
343736
625275
1310128
540839
951442
1771574
325998
728084
848863
522041
706680
259716
485828
558425
1616774
883599
706764
552768
1161263
265154
275363
1078200
138128
114562
584651
369150
1791828
955588
681135
1198760
420566
239725
498557
1140314
423499
386708
1344377
1118579
1120195
2042649
246932
1022999
423670
452169
89027
794368
1498756
982648
1333331
583854
896221
880163
821921
1375664
1905448
794952
1963183
262999
197352
445067
402874
960254
1389505
891599
1213681
278719
694400
838550
787336
1237117
447585
1535006
1226866
861649
881458
1901762
1216405
1552060
1496477
193073
475934
514897
1214412
531670
500029
97124
539278
552844
1026291
1124507
795390
1101220
1244367
1472471
663948
1918206
1320735
2879750
1991099
139593
765803
455377
538034
521920
196934
255910
823095
1347530
777990
1059081
605821
956726
903226
196900
1530119
322584
244610
972687
163117
291883
439714
56454
720388
754635
797080
1945230
200355
1074647
704148
1406540
848553
1496137
860783
1640683
1056067
514459
900379
453007
935889
1844383
1073666
1859330
1082320
141345
1398035
2081635
837083
452645
527646
946766
1570099
688896
174216
1478260
1106246
940188
741570
921153
917012
74997
403676
841547
49333
316306
1409534
1933606
1215839
600649
971166
442441
285612
709531
1843221
299044
1333473
657361
967284
213834
1355282
165560
322076
514525
297546
775911
400210
1106946
386734
997651
242873
289993
519241
207092
509153
12993
675339
675392
1415493
382111
958132
1291401
268187
556913
224085
325468
248043
199403
950526
1233311
760650
767093
1490170
911567
993032
293111
196415
1614525
338988
160810
1518506
706988
612297
36901
354800
718673
974834
166409
715512
43950
325296
1481713
2463884
1571508
1722844
88578
2462903
1319292
166544
679570
63025
1395497
636000
953984
280766
254661
5389
1405977
146237
402557
772769
1969162
228262
380035
640958
901007
845042
1487783
389465
1630687
742439
873306
104044
386746
1729748
995688
1612272
662456
2104191
1065880
823121
215382
480006
1426379
1293314
577992
160203
700917
320281
1520223
314002
976836
1027710
239357
280620
117684
1297829
1251588
191550
1866419
51490
1902207
46852
9215
1481443
485491
1414776
440640
1878625
755983
501015
583756
828952
946579
408683
658015
793758
845192
1737836
582173
829943
811492
1944072
797325
681134
1164479
573930
1245466
1416
1841855
1527711
955600
950938
2101445
1873723
848472
659715
188571
781827
222265
1161435
295843
927661
1385620
2490930
1007108
639626
2776964
1147229
383163
2344749
2279031
79635
500133
757452
1039956
176318
933613
1805835
1061811
223252
911134
845760
520986
1187245
298606
1083545
1323682
1692374
777420
1459171
1097838
154027
564464
79564
459948
1114188
2218438
293105
398803
2481294
437887
133530
852065
1158713
765853
333033
1360118
1177849
1255713
1564891
846457
812182
1050202
450542
241806
1195654
97268
996969
663674
1759370
1047779
715042
100636
1493117
2118387
481217
919824
523696
1387701
515562
1137770
115067
457744
1474144
1675861
133493
799049
130893
379311
2350892
965945
910183
1468969
519640
1833266
41557
231143
942257
152469
631927
31130
580393
784347
568749
128702
456124
467238
691030
1217436
63115
1870732
622785
978725
1181776
208328
1273258
899504
329139
1312389
1013922
1473273
864675
1211023
409690
969984
778439
974720
1017952
275074
443964
44908
42352
403167
371713
1292082
529199
447824
871541
1428103
316057
993100
312714
690888
356740
127871
1819802
708964
204132
1008014
136991
1574605
444213
136114
1287176
520801
2133952
3128088
698896
990913
1715581
1408570
257104
442421
647487
681957
1294012
1111489
457398
14063
624435
2995217
1438134
1588059
833591
1537221
572733
731220
1846980
1363553
1441722
63051
589157
1371836
514258
162262
318506
1687786
157541
483086
2351165
1066576
530518
1726604
241915
584876
2097392
358984
960104
1225159
768940
145078
956771
1064928
2366231
1011943
598272
3802078
893081
973697
856219
413114
2579417
109987
491249
589295
2316421
420768
251955
820327
1934070
410302
1166812
295434
843832
1999314
795657
301614
1227151
615011
613519
1111806
