1397262
211304
394331
20000
1434541
1223567
461339
202563
26346
881199
425407
1231771
2220533
479069
387070
82378
671615
523443
214392
912482
1606484
1373418
857925
518600
803707
208046
445507
1825243
248116
610419
2117251
578362
472758
972460
938297
769356
99500
525828
1944230
38306
1826322
1127886
857996
808319
699705
1177662
970870
2569088
568507
798466
1228362
66206
1216644
1057267
1422260
2188505
125383
1211213
172119
652760
1114529
1217638
1254715
1035123
887094
863778
2199894
2381498
406189
685004
297729
958967
333393
446345
1358464
989431
838542
1480302
678709
714191
1364333
1892218
916489
729474
765845
783526
673984
9127
667271
1464831
292833
162287
490941
100318
683015
532364
925064
524694
376495
1466390
752460
953492
1104102
1481136
2203841
705453
147382
501425
856688
199833
1627509
514277
536431
502789
504370
828345
1446978
741870
554469
1815038
997143
1495441
1142043
972429
1725157
93030
541507
1468978
1928905
754164
720895
1922284
555750
1824903
642450
1732729
1565472
1412263
1472875
2475415
540220
1552138
224564
308301
1559422
1295601
618849
584720
494536
278039
730688
1248458
523059
884813
523137
980222
492916
998251
638059
85263
1530454
41640
625348
1475367
690678
682514
462338
114364
1224232
286337
1307994
1013013
647469
383886
201964
1482003
928375
431176
1148210
725555
1675266
1123854
1127020
1447768
355031
236096
1173425
635118
669863
872440
80219
314961
562569
250846
1002327
701397
1211769
1900865
20081
190567
1180054
973128
2425728
1442265
762624
708848
1425403
822980
202900
407512
887936
1557870
1921964
160415
426788
160339
1555934
473495
981061
1081352
264024
520858
809840
449731
38815
1508866
416439
656672
832042
756799
1864795
1363301
1726438
1138217
642521
1103757
289872
2131100
170108
1382698
503314
1138731
125192
2027468
1574243
2201589
1327494
554215
670662
955676
1466873
377818
536166
302684
1152164
1874258
541332
1682624
529406
1023701
490502
1581080
838044
1226275
924660
86126
1086593
941439
1862617
658560
1023980
325652
691244
348335
459813
708859
1000802
532701
380238
35873
742633
20829
740203
668078
180650
2210283
1219317
1081097
1997091
1109732
198089
1349855
1740904
301209
1823248
521707
776188
858117
36659
492793
1811480
1436101
421381
318155
2035008
796847
776596
213477
139366
51266
631894
2234124
575845
427204
948564
944241
743234
611603
1040830
1076276
460458
514843
1401939
366124
1294828
839277
57747
55851
106202
354552
883563
667367
629129
1352666
271429
1035101
1879561
1225942
1257873
545462
1287306
842801
1187963
522804
984276
881919
603219
1613806
164778
897535
1319643
1309919
718724
951439
1405241
1333446
1255215
1188449
1412866
1118863
1743434
1289077
1031495
71831
542950
1551592
118822
993781
530146
686034
1178200
924796
679114
678805
758042
2693253
1786835
374040
1382210
823891
2898365
292411
513257
1383159
1903948
1674413
1199735
2387386
1151372
606113
285688
699905
411112
1379943
52929
992563
1953741
716830
29990
1218239
1460649
1096686
1075812
1443521
1608899
433467
40206
616524
789662
399709
1423774
1023018
1283159
454996
654818
198311
25888
1325505
616617
2139316
517279
724024
442480
1451887
783407
258681
1217750
1990184
96698
1491301
1430016
1116231
1833752
608725
886065
287443
110800
1487950
506259
620788
1964913
909785
900995
1231232
1057077
373430
237732
630619
847706
1163992
849738
2096063
418533
938643
1071944
771556
498269
34169
1776097
1569858
1019368
507628
230288
1104954
829453
1797301
902589
1307260
700782
1700571
722117
874825
698664
911159
1815756
694945
831858
501612
520073
1348927
862647
142940
1533718
836073
1924473
1202109
77532
743693
1090476
286610
115391
1094349
249203
1969245
292467
1661955
2170914
591225
553250
2057064
807160
521166
921888
921304
751647
963557
894070
570232
17642
1091427
925231
321440
999027
465306
798667
585788
479896
2478947
292166
684308
495545
1504335
1154732
158388
843480
1138212
1732227
1461295
703956
2615021
1232765
747685
1131690
916626
51680
667084
2141938
75278
1282460
56275
95482
1429926
764241
503113
877131
985599
1379811
519845
385469
799632
1817571
1368071
1571968
1081342
1744291
1222148
112466
595438
239198
500296
444959
103741
1852009
1683741
2232097
6035
828738
752241
1387644
929022
329371
655356
790302
723298
1037996
1110022
990649
1509621
138331
1977839
579621
783665
1786000
1698129
932669
2241290
1605857
369545
659549
1489351
475039
1246140
1215103
410357
796803
1082845
1600568
228990
1008673
147187
138843
990304
151279
1268544
157200
836738
1142906
1640772
1243801
1234121
702510
855848
1012779
357617
1311976
782175
7372
440479
1343778
465903
225430
1089690
20417
1871159
1455600
4161
2381383
1780401
381932
968799
1831545
1644863
604105
396898
349236
917930
1068207
1148403
1172793
870414
1494761
1273832
503737
1414522
806731
8093
1333735
983612
897833
828104
1578817
1332898
685753
1346099
1080003
958915
1302221
1512685
15120
1094533
136856
627105
2028870
711840
931684
312623
912005
1886312
2014260
1357376
526115
1320336
1971108
1877468
1932824
843698
604450
49792
144681
477076
865872
1038323
136059
1126637
1499968
719135
654590
766286
1086100
418149
896635
847684
712024
571632
607588
1201794
1868934
1045811
351391
1950724
1487517
1405718
576726
1471734
1142533
960051
407526
194524
705035
559303
1183722
795411
728733
1170411
724908
183965
1280938
1467018
1356783
1521731
12064
584853
986564
950235
688041
715225
1825775
313425
1392748
632122
1442397
902603
1031717
772769
1878893
1520461
1530986
1013495
978624
1568099
1676547
373053
1342662
217478
256427
1551676
787599
751774
3135888
802911
759219
697806
230540
1571913
909606
1000534
1401607
304488
1118276
492506
585522
100272
842748
2390729
856521
1416236
1739620
989920
396301
497046
2445314
73525
982885
1087471
205434
278232
525464
1123058
323457
1488316
438800
393483
1049861
417980
168757
1276941
1233342
1636257
2545420
1437832
1943005
94728
949428
316577
604664
936329
1332484
118243
759832
238171
891980
187739
1041863
271388
1104909
1172361
451553
652341
938078
721945
947069
961986
694277
858809
458208
272280
1173752
332365
127272
516647
956822
227718
626232
1992680
1597038
1012409
1245868
1221913
1222963
1429107
553539
1388491
1161857
814481
404652
190437
1930328
733654
658711
29258
468923
905917
742337
405758
767436
2064502
635747
1783598
1447375
849045
398623
588790
722529
1175949
399600
443620
233084
1726948
1180149
617667
2058289
81479
592483
88731
1341513
782982
1421164
329692
1399457
758562
802296
427233
577257
706410
464902
534490
1836096
833421
807303
766474
1309463
814417
875680
1304888
250088
1356682
665057
1237866
1594329
1129070
1592687
1465236
1197818
904109
359570
857655
1467872
651589
1163141
962668
1272581
444698
654048
15144
591877
1472364
589515
1421666
692638
531371
1827593
836537
269356
1050510
782343
450618
1057319
599912
1853415
418661
696931
156419
773046
99063
952491
2287726
291310
596555
375298
665273
1168977
567298
702239
691466
779531
422315
532619
447567
1156714
602532
170049
588731
557734
1394182
294762
1179318
1796687
113799
397659
129844
912703
537378
443796
615375
1925637
641466
411615
1199608
751058
753252
885419
1122288
1506508
885002
910763
528253
1114614
408980
937303
699616
1399040
753002
1081157
314314
81528
160798
85197
1549942
764277
394957
332415
72922
1586371
545612
621194
918334
1421496
35271
379219
521335
405723
1635021
196023
184501
521523
958288
1189094
1286656
1411835
2155569
1239717
2184457
748329
1013218
1134887
1275972
323485
172875
944656
934714
1448308
274550
1991760
1600613
1255889
788015
755359
2429053
380365
768427
1063682
1245910
2780451
308498
834753
667572
1399362
715744
17195
644094
11064
847213
1038577
531735
2122528
854165
1865698
809908
1424848
943131
1109809
507215
1565321
689391
266281
1778337
942372
1001207
874704
10710
1824894
966994
197064
1236450
1487848
393792
860935
2143993
912245
748133
1407639
993220
1816520
377077
1901174
1112886
1495490
1203410
703571
662150
570413
1981401
710122
589279
1292336
765732
269030
614555
987064
60593
17561
969462
763271
98344
71234
991398
1200580
167585
779363
993264
996039
419308
34309
133661
1098087
2410324
754226
346387
458858
1564836
1360949
889543
1122417
498898
1281625
1261656
994149
228832
1228132
815999
988969
635143
2227287
396937
1164102
526392
954635
1471311
912981
1093155
1071411
510213
1078165
348097
404401
1207798
580754
517846
1031423
1203992
272597
348438
974693
696675
558038
3037648
814488
629188
569219
600017
584478
759416
1192404
90088
891011
261052
892405
791503
1425856
1801352
2315222
871954
889041
698820
1604123
1094192
1479064
204154
358339
137927
588059
905074
652895
2275893
564989
97733
844794
701537
1788836
662225
884903
357633
536336
136754
746163
862973
885884
510233
70576
562553
71484
1198878
2521891
1225880
496954
1205945
1347860
747717
2739222
926838
1480888
673076
1372352
991822
466948
1430765
1651164
596057
570487
828881
1907898
914569
1462092
630781
1321751
1784154
510724
87636
118013
1393261
982229
1460834
1068060
662268
1396793
250179
1877642
973264
1018877
788203
200037
630709
980811
849383
765739
461718
583359
949898
315259
557804
11051
815658
253972
997530
102032
644369
964207
1847900
89890
1560728
983362
727109
253822
539765
1259130
1450255
215794
997023
904701
512757
555057
700079
1952323
1237060
572698
809167
277976
1264536
1809292
228631
824408
701418
1018353
314874
2559983
946862
1827948
1778696
1157970
2356195
3443177
1086965
1074182
945803
628231
54688
1001941
773443
458604
113366
1907983
1965812
728589
53789
1021772
100558
644704
1851669
264035
1438366
1287017
979777
1266383
748510
1215078
1151980
1958
165939
801567
962127
1731167
922236
1738997
634232
1889159
613645
1114221
486573
1476518
358083
389538
807606
159836
1606009
470317
728961
853243
324000
136186
2939751
790152
44757
591664
110196
727579
1723253
574980
583725
1090743
990739
538083
531122
2166767
1140530
1821282
1383756
321791
2186741
1064332
725001
1395211
607579
2332624
288746
1769536
2289040
474476
70502
629228
189734
608802
469104
178275
1324650
788382
2500188
402424
331418
391977
224007
51933
1167548
579669
37821
766720
728978
400557
1090141
1021675
1689841
759488
1668575
592864
168952
1186642
1436254
113270
780901
521864
1735801
631612
1155243
605750
623580
1346832
522600
657998
714948
826979
487930
987439
2845864
821395
66937
1434736
910524
1324942
331495
1793040
705655
583080
2239596
1807556
886493
1001088
195142
650852
1671359
1492444
582276
1181498
991206
986662
1449052
835280
1058456
944362
562618
382077
1438970
142071
1103936
404436
513979
1061719
195990
1041137
725242
1959796
517342
1482313
510599
1302640
901361
244853
1181197
1068583
414160
1190659
862808
425644
98490
518145
183257
453318
1181732
1675054
800622
1583247
310542
1396487
506024
268048
309817
1356531
1282637
196131
930462
11476
1215684
439086
1039106
663603
1909816
937312
6894
1689967
793948
951090
894082
1213961
515829
1234340
756593
841847
191902
545657
106287
1869963
1296845
997113
220718
253415
53979
2158123
2019473
32712
436777
110517
1306815
738836
1861606
213592
705632
94282
267990
244020
625709
1364045
1446070
359964
696650
1003796
1028258
631422
17078
528729
1427648
329467
377290
1034435
678942
1716582
601928
537434
791550
159555
995955
804048
1314843
1242087
707140
29903
1281004
877711
546308
8746
2312974
519559
1111804
245164
506758
1451457
1046833
779903
664460
1168887
365430
1654882
1457868
856774
1475745
577139
873263
1250448
620455
1420828
857183
1273557
1562155
1221061
478511
885206
734777
1418622
782433
1371343
1073945
1323152
741418
1758679
902150
762119
561977
907326
1152645
1647398
80062
2188363
1198299
397743
193390
438008
632703
717589
1747211
1236148
184023
289320
437032
1924924
1058118
461893
709490
1432926
597290
523616
992243
174291
1904427
1822774
261625
541343
628919
514747
93564
801423
877394
576261
646244
130774
1058706
152444
508018
19405
1353201
392455
116414
30254
784899
729083
327910
424725
1328943
1407659
706031
221211
1418499
700591
370860
1062039
344135
655578
1371396
858298
196058
804740
10360
297870
980419
349688
1324843
1365204
913032
448356
1630915
1299936
53410
1499043
870708
1431770
1371033
1960241
177573
1246491
1393908
397522
622866
939689
1352208
107687
689529
82968
1448601
922871
622169
1214886
653245
692990
854972
2864154
906501
412444
1163134
278785
1211623
113316
873806
1084301
1183647
799559
1879002
1230996
1225412
951781
1997008
430058
244286
996505
294504
2530627
1445116
663942
1396101
1400721
1065292
945353
52739
254909
1919723
498244
780787
864844
578340
286188
633769
2032952
1572957
1123576
1098335
1760977
1095412
1162543
1627419
1858488
742640
384852
72085
60543
1773339
1877593
1900059
752551
1236022
1773510
523038
1456126
700460
1740716
1141966
1515580
870928
658771
819080
392258
1688650
1917508
1365464
1482615
104244
864955
149058
1196199
214411
210357
1440100
506754
762793
993690
1098142
129685
400407
863759
1246041
1117616
1365831
188291
288238
26972
1500934
45820
947430
333343
1824056
166150
334632
255735
913574
27520
767896
1261689
1427354
1465258
863075
491372
121139
1025878
1113151
655821
1835195
2673170
508280
988681
745405
486168
908910
608089
1194940
940091
1548770
976518
76326
583126
1697656
831714
337359
845722
706015
626088
1403682
1394172
145460
1146009
873881
554241
676109
1803579
904726
346991
631258
1235063
6770
398585
1295662
1379606
981082
702287
142756
266591
1431425
1845768
185798
1063385
1805367
567925
1119343
510945
359329
578347
2423320
740560
418314
2103412
1025368
1386388
336479
611195
223469
660336
309888
1451099
1101216
1172538
1605722
493803
1529518
411160
882841
695599
97705
1401919
995522
1925318
891461
1309360
64422
649140
332631
534168
1806074
48692
665281
410124
868331
1347524
670833
1466214
1838391
1691029
70159
1059464
1320670
331221
464350
449779
418975
178947
512322
31244
925511
1220759
205321
397555
1133291
2484147
501421
461288
21886
754449
654333
1451843
374118
1369426
375588
972823
985841
143273
1226826
1845548
1677484
385131
2952223
1226718
1422812
2192923
942207
642207
430349
15518
1999863
140077
2495919
1693856
521902
939544
831976
853545
614888
1592636
691244
967079
328940
818910
846801
1117473
949422
614861
869639
1515454
436463
466240
1304844
46264
1081832
674895
851973
1710121
64911
514040
50608
65623
95193
1102039
1963102
1713671
1157030
1945162
148069
1311716
260322
168328
115419
561651
1004080
619428
603399
1909692
1673898
1121387
1255737
682015
1169836
956127
908674
633785
1094424
1371638
471525
585369
596314
1517083
261076
1932300
689107
1381703
553631
746281
1692700
1960005
1108143
901377
979433
847369
407896
735215
551990
1567571
736308
357920
458598
445964
951029
1237288
958062
963428
1069242
1051817
896057
708719
1750666
2418088
492749
311300
1314533
2144758
705331
529529
682687
485920
622300
1625061
669552
1287644
809672
716026
228911
1079097
315304
814213
1142021
1998025
1869068
2824205
1770020
1173269
2356128
124813
184543
42342
750935
1014615
741277
230099
291283
320079
866031
261204
1212355
1487976
655657
1215690
878291
726661
737557
1299921
717738
1226103
830987
1517003
1617109
948119
1432740
98323
188777
607977
1438484
627939
163790
392597
999711
473130
769152
1064777
687820
1028021
982520
692823
95583
1381984
856336
1083760
1760074
1295458
781612
1169251
144203
1965019
996988
645533
1392376
598403
613542
451782
772734
1491065
1029321
127420
49233
857164
204197
266679
1792677
196945
585535
1504386
1734083
859466
247496
851290
1326175
978423
2340518
307822
1744430
231364
661555
276314
781724
404151
1517738
632296
1903491
790876
57832
1451852
1339103
815991
1436376
1371651
1017510
319182
862447
81
810749
952760
536831
621629
66733
922446
924400
926899
1650012
952117
1029488
2879549
687328
437933
1397364
317893
1246774
106688
72287
1337010
1053816
644083
308776
858822
67028
721547
1413089
631865
23104
162532
1067419
741917
1314387
707419
1366477
827799
2384663
250333
594107
749085
951971
1608021
198075
631417
786220
434615
499484
800865
475651
51444
474729
1226969
2877474
1370946
783345
1350352
774151
1429103
1053681
1479483
550186
1810218
2246098
1490457
822835
22966
1542164
1889802
1190668
335572
1460949
1339093
490334
456115
2372372
63423
1905663
882112
808758
1247434
1939408
753773
673714
1742617
1095501
1800454
1153744
276550
569445
1369311
61780
1690340
799409
1300156
1090370
663487
466953
446180
199106
1189621
810809
943405
1368651
1356696
1489210
697933
848100
1250634
1757733
373250
1055406
572861
542538
225607
365287
1355341
667718
1296732
1455888
1376195
1157563
181464
895318
487568
295841
401718
1263605
380652
76609
1374722
901761
916049
1448682
749894
1176904
36000
608356
156125
719354
1002295
2194793
2743515
183121
1402356
738140
1165087
955155
892305
557657
82431
24093
898565
91187
170518
1279810
1344988
1836452
357749
34170
1412156
473383
1978187
1325598
1332444
287498
1300762
675000
1655946
1408326
519712
1715488
759585
1601720
54374
967530
1101676
59249
1222641
1406564
246242
658033
446635
722723
987143
222651
176181
831846
945668
584393
451731
283322
355787
1317959
1063068
1126501
296882
225189
1180069
372455
885426
2471022
836145
1433924
1810340
31293
1096256
785317
1165120
399351
545720
748292
1884987
1429275
873436
602159
1165156
136253
481424
18252
266402
35514
216782
923683
833141
646477
508977
181154
1423726
140968
548771
2892098
342964
753926
868109
430160
1742429
406341
47971
1439342
882638
512824
2638354
1206624
180569
280354
1136782
786315
854073
861607
567652
421697
1399124
713443
1437089
741152
1061333
788613
132422
1662240
144780
762206
860401
1642036
334796
132444
1778896
687344
214087
1317883
672141
1438194
847985
1009858
293688
1079204
685207
97267
668830
349894
75683
2275
811181
3063984
883766
2122449
323880
581981
2460265
549468
638198
337452
1666569
2079125
544745
1171849
954678
708634
1068054
975762
413855
1602604
281528
1299036
680581
1342368
1161481
765563
997937
2030169
1074439
910825
1252540
1178143
1738950
2182951
376163
1912496
967488
1045063
37259
534812
1498333
1285074
990720
376150
737833
791310
1247629
922510
950074
575520
870176
2901859
1479746
501112
1186533
1431549
1470335
990483
823428
879105
1239300
2581634
1626593
866725
1094732
1132464
147543
465611
447587
503017
856313
707442
451353
317022
846830
827439
1061676
807918
1300815
2782562
401592
807399
32359
467309
401798
1815379
635246
1786439
1352183
749430
1474251
1352854
1665971
1815868
325230
1041859
366458
1072504
164335
2014575
1686831
1997679
1784717
972426
330980
351164
992205
578252
933966
1174133
947414
1317092
151630
123123
4975
95253
196288
752087
1573309
649641
788812
316017
16291
311909
1034351
97091
947391
2244036
418382
2896811
885094
748327
126174
1676965
791588
156977
580571
1392983
1218428
652120
878475
557199
766815
439103
922102
791216
249844
2062312
1393005
1982611
704908
732175
742395
1651408
570183
1900922
1212085
1875779
846160
415411
1757313
401556
23288
1531455
1431022
942616
1556475
1372049
195097
515580
512213
533184
963519
1433129
2779559
335775
513260
707689
892403
967794
93927
928272
293176
1442789
342656
744926
1026964
1296096
1685631
1463241
513180
231870
1132626
756992
2256130
1995941
649882
704723
662572
366679
603579
563479
406740
286895
708423
1168686
471304
1222447
672110
449483
348487
1913886
1065964
1627196
611709
255447
807094
889320
1566916
645827
441258
689792
1094145
1118000
172219
122012
1686688
263330
903839
1379842
534612
731344
175293
674900
134453
1355890
1487229
996714
446143
202941
1338454
1772866
317132
1059832
140759
415329
1015127
440464
1336090
387227
1027222
740752
1184947
970901
457049
1259125
319545
1627089
1448268
71877
1397719
865074
1494063
528646
715482
1593246
2888565
1230708
1096639
28522
1392584
559796
1157568
789178
815807
1210157
983523
1385486
1478050
1146398
822824
1708640
589155
393395
1512213
621234
924226
427064
953767
516494
849508
50456
141951
951950
1477240
2436551
1823215
378818
451440
1426498
1255784
143256
293343
36384
886858
1445279
794236
1498889
168943
1111500
2736762
616652
70779
79590
830441
449111
1514956
642085
606198
106727
1614755
1044414
308900
1864743
414356
3714
1583309
688125
1484024
278925
735456
850919
139412
479747
284288
81645
421966
256188
757949
1320407
207860
650409
1013754
354950
1129840
989111
999044
1121096
1756468
174938
899314
99949
574726
1193868
895431
42879
399921
2735931
588969
1458422
959280
629032
886979
912624
571840
707220
904358
119399
1462152
71358
1274208
1356292
782927
809744
632384
1056344
1401603
1643777
381039
923987
1699818
1977467
970739
1832054
1432975
584133
897033
1075275
1070514
260483
776679
1809500
295892
748802
335509
988232
1041734
545657
929231
763929
1197014
191249
1798337
685275
1484093
241901
1443334
209103
1183407
405934
1111942
1833412
971688
647446
54387
217422
1540888
2570133
691367
1324728
840691
553032
909444
788253
845312
1516325
226065
777052
57540
868797
95957
1511089
968945
1141441
620795
1620008
1236697
1770925
592138
707413
514289
532330
761990
125894
645004
1140150
1103407
613313
1548158
1259271
209820
161618
898032
347381
1371965
1229539
722991
937246
1362163
318072
643860
671244
427702
973786
202232
705849
765482
2077881
229406
546363
934982
536855
541413
10915
1364874
1542822
1373361
1795303
3384419
1430811
164828
556713
540325
1393060
1227814
453303
991052
261180
326206
2244921
97432
74567
1325652
167282
351340
978528
1693413
953959
25131
1260407
1083819
1880483
1926391
421633
1090310
747075
524206
454895
913427
477654
797482
1366728
577231
209861
90685
884442
459376
935865
38766
883443
857737
642626
1270523
115573
1720671
155676
660436
820816
1135573
863637
300761
537875
891483
1349440
900547
271246
5060
97207
1960645
29847
864779
718175
1583258
660103
1630953
463053
979172
743727
1073442
710192
866039
744202
923739
82947
494527
24807
633904
985694
169573
1003552
4683
1495996
1001528
570743
1203768
313200
708849
1024283
450685
862738
393015
883293
921423
1194888
487402
2494232
2442535
789850
771588
1224741
485339
1458527
283489
336831
609585
1277701
1458248
497120
15285
1087113
1737706
399744
1233747
1396380
652112
761807
527432
289941
1436730
1364854
446746
293313
418378
866135
499920
1582892
50439
752071
975108
1469139
1958534
1016301
1525725
634832
3423372
934753
758753
1440137
751159
1294538
833614
150622
3366467
608861
924561
1694324
1503344
31606
442135
816267
1215529
1407229
922728
1073857
1218633
112096
893980
800584
257183
81168
1704045
918259
81208
1103298
540948
1433728
331652
2007852
1674487
16491
1002488
683937
2841927
959832
1178108
284690
655568
579875
1030534
578825
188465
201965
502572
1326540
246931
296492
1478560
766132
1146813
527352
147580
1571984
773166
88438
665541
477762
909420
1422763
624404
994973
652000
471303
376312
630817
77580
992436
644608
764667
1158460
865890
760126
1540581
627202
182552
573741
2143838
727685
50400
1440091
1210830
2178977
641143
1491530
1730178
491345
772344
1831993
904264
633648
2592461
544105
325327
844392
653018
1194274
43909
1665033
1524654
832220
1904181
394626
1382862
519362
976548
803190
1611239
286329
1228271
1748461
980536
736327
1377420
88818
1439874
138455
721123
2073157
1101654
556865
1883536
1411246
287457
268111
678558
744378
28606
1287267
184427
1207754
1370625
1015260
99611
749998
987172
1482912
245795
1117272
366743
501148
363228
804469
2377168
230767
1850504
589374
979701
767085
252366
816308
532426
212488
876245
1148753
1835396
718066
208935
245667
692561
644933
1465421
1223643
613034
966380
758282
566859
2212030
545699
2772862
168246
45796
1307617
1111360
58697
152517
1718047
942944
68816
327947
1810009
1228319
957706
406034
226234
1175924
2438085
73266
203261
1844678
934606
408430
2424950
562952
1136872
1697604
903511
538909
1048774
2064570
58103
92081
1121115
224329
71638
1096408
2479318
1413617
531780
760686
1934515
498305
892903
1059251
515380
916137
1051108
1705578
1073910
1169606
368701
1436950
2477832
744849
1547553
1270200
264190
937069
580587
973553
1427626
1129139
469129
2895607
712660
519715
1590213
1247423
414760
889586
13897
639631
1466197
604467
1350403
693445
325374
1363787
836912
865329
984592
729693
2124286
1647507
76668
776822
1329715
1163385
406695
764543
1682098
2360064
644036
1055109
1086660
261582
365067
3270734
19803
1279921
750154
1406051
5562
925279
99873
326844
1789369
434482
482739
138708
1765837
787398
220416
876467
2362348
251417
713751
577722
139159
141447
919728
1141654
730617
552393
371647
1030764
2023668
935057
953229
887782
738468
770251
34152
263039
617827
902394
40994
1146777
1261492
1318165
559263
70465
621316
642117
1855376
336451
590899
2949509
1900996
1433143
6265
663070
1469989
987152
412619
1037733
234664
141701
647045
370811
1581990
1098790
638347
966888
589008
1225445
958449
887580
824742
795718
2819777
839978
192592
424044
1668482
883978
1462605
1230346
920638
194003
121680
2139819
452037
1906522
1074547
1276614
1286454
911539
173035
1100842
630628
649066
33410
1021994
482749
2113189
1254539
802478
1236559
537281
901752
906494
478700
1340302
1501135
396147
1071668
565073
1405251
835907
967674
1138334
937382
911921
610440
1077783
39652
2440631
1539428
41260
1000883
961081
125308
1234840
338445
863344
1275334
1088829
500903
1205111
405257
720580
1507460
124830
329312
1011228
1255914
1190481
1705254
1555862
831806
441035
2011891
985698
1707283
823365
1083148
723248
50629
1525277
77986
2807822
227052
1199533
500634
1241026
1420531
408050
997682
480940
626192
10749
1436779
754595
524182
710369
558027
306417
1943597
512002
1066978
816980
986890
799966
734549
396379
874211
21027
1137728
1592611
1177923
1429045
1519836
405012
1068899
1186306
236200
1338884
847233
538668
1571533
1006639
1519057
669402
1815458
2139256
708570
597956
767511
874440
1184579
270978
986486
1111081
530260
532504
1080715
490022
1059265
1228679
1170925
620778
648680
385723
313501
216603
581028
639348
1753716
1688602
1186497
2145436
1091298
447009
309943
1086284
163257
56577
444508
595587
554097
264349
862393
1189645
452685
1249359
1416550
1371636
733635
743167
1576025
1267118
1400929
812803
838273
827498
579955
1833150
124442
414752
78729
1213504
36384
46780
1183134
367071
1620045
13198
1001341
581880
279623
1911802
1018117
2949069
706266
1971519
785395
810820
2168781
1592559
1213927
14433
835097
717842
406503
1411368
158171
1739295
532616
499354
885233
783136
1795860
1214450
28587
269384
846861
216388
829696
1663517
676920
979642
970889
885156
399934
277620
585011
53173
1393109
1314466
1696246
1839140
672484
1014024
1151882
1602929
395083
369174
696448
1262517
1717545
446378
766390
557842
931807
1295180
1070828
805726
277275
477292
1362716
988787
958840
1727651
1477358
1026782
214313
539500
754064
1385962
342334
1478694
55211
1360720
144677
868177
1346586
1339270
1268698
522121
1656542
757321
1299298
942154
247381
94737
2599160
824073
161169
427384
1119252
30228
359372
293389
282088
256591
749408
732323
1059539
327091
813852
1185754
1111162
868204
688602
1835663
112728
660631
894613
561837
33310
361725
1499584
245111
216030
710295
731321
1421817
1535275
543335
728612
648786
1414819
1001303
1077884
2445416
111989
1287130
530540
888720
843109
912101
1539555
1294369
1039957
62704
1239309
1285116
1562087
987286
1271078
1754018
1793414
648590
630257
1178747
814858
2263212
827215
962438
1451010
1181888
1192787
24713
804149
1039538
651833
941951
1522730
866080
1102846
2035905
214894
1632605
553010
1058075
564380
893006
662610
1073525
1764223
1053291
943834
812386
1318971
1821336
590015
158384
807410
423974
54370
1437396
709131
944626
1066280
49177
2418518
1429152
1879886
37870
1395571
1663581
365154
988754
1351449
663319
316949
752388
1063770
986338
526675
1384883
1004364
1766961
913436
353127
1066795
762934
212053
1007731
401858
860480
14591
991456
910673
1743735
726993
708190
1141649
1598846
567656
1278097
733276
1338540
920260
1112062
111313
296464
2405975
942169
475515
526216
1644894
400213
1182809
1441541
32441
501967
1790625
813446
12574
132415
542566
275670
1051953
1933316
1245569
1469900
1167736
1330131
964916
1064231
418227
93380
1708690
632395
1945776
1310498
910659
154915
1681636
116949
721004
1337884
1281821
1434421
861203
846626
1306236
1360341
671049
607458
945704
516753
924329
577349
798597
1118270
751237
1923821
530315
590005
776329
1299959
794938
783172
1345888
96532
221235
1416857
453562
383244
695177
81684
652280
524793
756350
1225327
888038
514597
1456850
53173
436015
1157928
845630
2240997
614232
2769448
708102
1058761
368139
1320310
3051444
164128
1161629
848779
696362
2045675
788306
162501
791639
180832
813444
721992
2076146
57330
408395
77821
634860
665729
910622
298600
1599110
1338443
566592
1428242
1748748
1218742
1948095
1757500
1089345
612225
1321535
518115
842209
620463
237276
1572862
1054478
394999
813908
584248
787273
74323
1156555
739699
534218
282123
825169
535522
1305234
302085
704647
1218250
467205
347411
427911
872701
968445
601985
1034538
1408252
2431714
1445890
431019
626096
46653
475743
446481
2011244
679635
658179
904627
386666
527126
1409837
45564
1751943
846878
1191867
1205591
519013
591806
194488
292108
1589573
1966171
1452042
148881
694149
17183
1128354
951876
121604
910676
997097
631805
564057
784852
520939
2321738
444946
659524
875659
1111898
735223
1549640
144619
1287075
914499
1156537
470110
1225384
866946
1832923
477845
671163
1926325
561203
681322
1214504
1004614
732157
381268
1183451
1911409
2135651
1775984
1489184
1401817
573233
731760
1357553
600907
257773
667179
927413
1181083
1172364
1432457
1826540
150656
40936
873553
35696
677813
1483093
431513
621758
1043798
737177
232081
921434
1621340
780963
394164
1196729
194815
496476
212757
424737
1087534
463970
914794
751571
1383732
913724
2115584
2417265
925426
331759
1008386
703459
1687260
860278
1894639
648123
952346
563287
684736
1188609
548453
599770
675866
2078835
1396643
919901
651294
244491
639528
1350283
700147
853962
52370
710674
1585845
739547
958824
1127355
1181444
1361305
1344792
935547
1222963
2053971
1294098
1122928
150324
1016854
1045133
799343
2348773
239954
546397
1546786
129505
1425309
101399
1566871
1432589
1228028
1957994
1708859
843974
2133769
1155363
1087757
985804
347767
797924
1945398
357621
1852121
199144
593342
942136
1255497
2246463
964321
42620
321388
330794
75816
1415653
638235
1041467
810012
105378
454662
326004
1159613
604158
1478650
21121
1946296
229034
1372329
1053691
1268799
377772
739313
510627
1979770
648974
1621245
486496
261698
613036
1487953
605534
611734
1227075
430026
179373
1930766
50907
133737
1264730
756597
472538
1441369
484021
1295835
269197
1486735
853512
827247
72955
97847
864087
358580
367248
945078
2171009
1347314
1677547
1439442
931194
2898261
146316
535126
1976652
511322
516550
662042
999121
1062221
1022117
1239336
128183
1257176
1450371
1727714
1398712
675037
201013
1450984
2817435
1055468
1329974
1207934
700595
1049528
634389
1237682
962939
1723627
1531144
293283
1347700
366817
529812
969926
1265284
2506426
733183
1263338
268372
244753
1283069
877252
1109869
780818
794875
1808750
1296023
903983
849043
520497
1341815
773786
84565
1343306
166987
301015
623927
1308368
804140
1269137
449953
103100
343688
416852
644287
998027
329122
1596386
708236
951846
1053040
790438
899391
1457865
665080
7662
484765
793384
1511279
940349
61571
1579061
741847
535302
525814
1976679
1062011
708477
196209
635870
788945
800079
1478579
184522
1578515
1012121
506730
881618
660579
1197565
344584
388984
947811
1688
842376
844994
1183445
1266488
583845
434364
700444
514483
250624
1434850
1632695
176955
744340
24098
621055
944438
1203200
1256358
1126149
1749969
1668696
784088
1377362
119259
19505
858022
1465410
132055
1032751
769934
215527
1037651
1042516
155132
70207
859166
152271
1148854
36154
156638
904391
503266
1966516
615270
397387
122406
954290
791246
1492896
2529141
764740
1245156
1230766
2358450
253567
812712
712463
122069
222684
1569533
1374877
529267
1088633
1288835
1778527
910435
546355
259082
1301368
673315
539141
767720
139924
264385
2483689
1773394
1376344
896447
1988530
1343825
887756
1385207
776363
1167092
1089200
862244
966519
503211
56321
983209
271692
1582331
164110
476083
899637
312468
456900
656482
399980
794568
830042
1643566
910777
181054
1276322
942477
1499955
2185036
309717
908761
1687321
755083
1558849
1702327
1196725
1263276
1533754
910363
324213
819056
203587
841103
1183982
251772
655583
479099
1406327
1628914
1030720
835687
1825670
59141
406643
243747
501010
1767660
775246
1214833
607757
778752
2101248
631713
660293
1102280
1423067
1450434
140095
244920
274376
834434
668535
160002
784400
1548531
309503
936781
641867
417718
364251
1578826
1021583
1190876
1133374
1421196
963230
862223
1679308
1212415
103796
355256
484564
35353
672659
553058
1181552
361460
870646
78020
101668
900582
412407
179109
490744
1969359
678981
1027361
124219
962937
1336365
911984
908413
139462
968204
1793710
257871
162410
1602583
1332733
906402
1170209
1284847
1259695
311619
1031331
1839660
902056
515575
1051900
81165
734217
1189632
729215
3044161
576209
246035
1096930
328637
1157380
2588316
1104621
2414019
122293
1035064
219987
2125300
750440
408790
731947
1619514
633433
2290802
1543936
1196796
504642
1266966
1567979
441638
378208
103095
874154
153500
535677
806736
72850
199108
444208
1380070
945575
1023382
614409
502112
905844
539816
926098
1925418
481341
654562
999800
1135694
325594
649379
187536
166230
1322342
282774
689564
1145258
1088413
506493
2033237
668938
1550827
226145
1316299
1212495
268680
795963
1810864
2456459
126858
695401
817756
1258083
1261467
38265
713426
983917
20625
271571
2722824
1566419
737315
865487
105484
1366412
957952
623738
861163
970074
229348
152814
1270163
157164
1709996
558646
987168
1387738
1349840
596898
764957
594335
949367
1754549
876009
1025184
621
887152
444929
653023
1194521
1195491
1926565
11426
764659
1352760
561435
291854
690395
437380
2368825
1233027
1660780
641651
348455
55451
1454999
570711
650408
959660
1183828
114261
31169
2876063
981530
380628
1723931
58227
1985239
1032139
1394156
909850
807234
956589
1025275
1175990
935638
13948
78569
853849
1155073
924560
474867
1305248
929602
649290
2088027
481362
427833
195265
986767
380161
725024
1015408
1370314
212197
767231
857699
643232
1259672
456068
1427525
1135998
473915
872057
1343023
258998
385580
560535
586678
1497760
112361
1191968
959801
1124900
1246733
369106
977038
513917
354093
624319
1418096
978881
99286
688513
898288
808356
562126
1344850
1414237
1990786
366477
746625
1930553
1186659
909310
1237448
1016130
1495169
820959
801411
1307522
773326
889242
1054243
743772
522042
1402535
250791
809051
830617
1697287
104755
1484288
130281
573702
1272578
277712
1419705
1128310
755583
7200
2441550
905707
260986
921894
1020615
307167
1319453
1454309
834921
1233772
517477
605148
1033886
977224
866037
1783476
1714079
396809
51118
694605
1157209
429214
636227
774892
1265364
1655822
900624
229803
2390263
1504312
838834
726405
1759055
856976
884922
246949
59223
248090
1247682
1277970
1216858
1302669
1530058
924129
937597
307887
1365604
252670
1484480
1397360
591378
111104
772043
996588
2066873
1481201
1308750
981481
544471
1296191
52969
1181970
1180407
593771
1129651
1099991
1030061
1465107
1618078
557451
1486821
870374
809184
871809
1310589
708651
1259797
313514
1479386
794454
919881
778039
710752
1300593
471034
930350
1599107
1302091
416674
1156500
1338146
693543
1752155
61407
200603
1450156
1138788
307293
1307616
1338061
907784
791598
1986160
1699676
768487
297185
571851
1353368
356788
731575
132389
73272
1052485
486234
230723
1121594
968211
1065217
507371
4373
2398462
343690
518333
537568
811226
1803834
476872
1237061
1163887
900093
187967
593357
1362658
886110
1271953
182129
884986
257100
1135071
895907
263909
1054032
438544
1367199
1858818
1488086
550792
1207161
557056
1459167
58623
87980
326508
828615
89909
568580
51153
236257
591915
1464049
991008
465652
1273461
590545
1555543
100377
1067795
181089
1208902
2219515
314726
692872
751509
337523
111015
1942343
1349738
738918
584602
1203657
568815
829541
491818
166987
838233
1371336
1269078
858833
592172
984494
330800
1521965
397154
459773
1122478
115380
2456915
2771385
1792417
867303
768951
160972
128267
804803
933455
887290
670741
320366
2271530
2264103
196550
217638
2304172
1558255
569303
4528
871825
536904
1135243
1874242
304407
2272574
968932
1034709
1276515
616116
768472
592978
861858
1118556
1232681
476640
582648
654970
876379
299216
447999
1671170
22088
909870
1208942
395956
60568
310764
1114721
589720
334388
1796244
930431
926307
609537
763154
1780063
983150
1696465
269380
330445
607926
1110396
461736
1530513
521308
446806
1765576
546167
130146
695330
958828
593073
9223
1744971
129028
103073
1424841
470331
415384
39580
1005438
391756
1656694
1280145
1722646
256547
1270592
1150767
220760
1198980
68631
964909
302110
63528
1531600
1996395
1380374
375507
831418
697758
497919
381739
2244337
582994
1140581
721386
212203
687568
537123
1137051
2020164
59080
138460
1828650
1207120
1741841
670460
618366
526693
1361075
1701529
1554474
628810
990030
363848
179784
1323240
235356
239270
1330542
891923
942490
933582
705794
629693
1194189
1082296
527473
638624
1954120
150973
905989
1956270
501713
511693
257020
1447935
867756
33810
600765
1895230
819832
776524
639437
12888
625214
469905
413959
71435
387953
1153032
945874
1569903
888919
1075914
1111348
822731
1081390
1685532
1643628
695999
1454514
522676
895141
1953585
339236
70799
881965
830686
711917
840339
1408045
1196328
409577
118031
785851
943774
1388135
1274357
1343122
660309
2260693
431576
1202475
1317097
974112
331183
1642829
276535
1097314
1212685
28263
633475
550237
718083
699814
650313
1347596
904444
1338313
885803
583426
71388
866489
521949
537330
3588541
2012670
848760
1707542
564782
711797
1108322
609620
1303282
1252229
1957502
988035
95674
53368
184285
21171
915623
264334
1531305
662131
403622
872212
601554
1156021
644689
955388
1246047
213717
1719848
427310
892891
1396255
338066
1122692
1151649
1354519
1154523
1185018
1164974
1539258
747538
28044
2157386
1451690
680710
1476225
584954
1003247
749317
1831149
194445
402210
1035162
1532317
512329
1433004
518250
273554
225753
37491
1277715
1009143
1090301
334109
1404297
759447
734262
1761077
1932693
574352
1310101
1167540
616691
1522252
1612872
845570
492687
1744726
99656
852898
586597
1318128
811914
107412
735611
802826
51336
754780
898019
538007
1132243
420328
2156794
552737
632479
932567
835423
1247717
2423603
575454
666618
304481
1495700
1536909
1410611
736753
164213
1322679
1530066
1988064
1278853
558966
453825
731139
1058333
435381
1652131
2760937
552685
930833
87224
1427991
731146
336447
375576
349784
171486
676985
1554161
2090296
805011
1039324
1527430
1221945
626822
644241
987820
546727
127629
108340
1119019
97646
433036
88217
931222
3904306
559330
1731379
583856
1779590
1036722
44599
1669253
1795966
2492953
1140326
761034
1116647
887860
1853392
760793
84862
789907
683484
1802675
226213
1964871
315052
1651259
1056218
553835
982694
1966036
2583753
1303193
965239
1492352
808169
733716
506264
491102
950956
1667893
1434843
1426598
576792
944413
772103
547403
423994
788799
503207
839060
211554
976815
1878154
217632
742897
639155
1180171
997661
481750
638732
433625
1383788
466272
1534888
728474
959196
1577781
548592
1636561
193320
252232
309682
523047
1005335
223217
801170
991439
1244599
1207806
86202
186954
441310
1042543
587106
119985
737958
535656
1080838
963993
912620
1429703
224299
876025
2415692
1261404
959414
1422448
1445443
888096
85810
741002
112074
1375430
1656835
868906
550611
942197
672531
1012458
1616203
783455
478176
642181
1321779
1004083
537417
1157342
3203075
1294838
1228668
907907
1378341
201721
755430
1557842
633746
231372
972893
1178692
480788
1647415
1554069
795503
1702753
364880
2079141
1202637
505912
679536
596541
363363
1279906
924808
961360
462949
832783
144185
243392
450397
71699
581161
444530
456243
492484
657400
1441430
983407
769658
115642
830011
1865570
25322
1874598
1194134
793803
1251432
1287925
738709
1734462
128608
666990
1130828
950919
999289
250182
997635
42709
989166
605613
739970
904090
1498096
595178
1282530
1642807
750629
392432
873466
1203421
551934
174194
1248267
532471
1181281
508794
2466160
1310060
1540348
762367
2624462
777384
1407656
652284
806459
1415010
614411
1000356
1342486
522401
408235
1915195
2016652
1952257
438745
318151
549674
1272634
539843
1572142
2297612
1295176
1408989
179617
1057673
233582
1811253
419293
728256
1459932
296759
598874
507307
826999
828397
609828
1072167
688064
81972
1378159
1629638
34646
203492
233166
2103897
430973
1704167
847884
2072901
1140809
863164
113180
376553
1471068
345488
721234
817585
1596979
402785
2233436
1246210
1394439
10424
685683
2377931
791096
121257
1150707
101580
811853
1203345
1296466
1182733
1502206
1302899
2402484
21671
721307
1426712
769476
1388527
1111918
1922347
938855
1590540
1910052
152021
72530
707903
2528018
774050
511812
1063634
643259
1083513
504598
625383
307094
1095929
495125
2688933
122676
962173
1400346
50601
716199
655542
588984
1750192
1279399
620680
73884
1105349
465495
1169899
1164379
2176051
1455758
1337064
625325
1387408
1968728
2476853
94335
2301387
1876322
767382
987406
361820
94813
188377
676823
958735
1415938
582549
670578
155093
1370461
911879
221510
759056
952301
511218
709504
592033
726000
1497369
1306693
572887
799172
2441316
648878
1142814
660688
171508
2424443
801066
1743785
562603
1356423
1422631
27897
109669
548323
2033094
675331
82292
62951
1456846
973770
1074147
924778
1476804
550329
922866
681562
1436289
4067
1229394
1407855
2121559
1397171
927173
1968578
1325095
2382150
1182716
446050
1197770
954428
1242325
968974
2012706
675159
1027768
1812486
758277
1781411
193974
647172
1422926
1218236
891430
1784912
851560
319638
1698501
702777
1744671
789598
737648
732071
589229
1293862
81383
453204
174630
868519
396489
44034
787881
1932423
1437008
15183
1495403
962466
916560
789485
692713
186670
2199288
265206
675922
209183
937452
156772
1303064
1122257
416294
38983
648761
1657996
524080
876279
913238
4811
943784
519888
146199
994494
903479
524773
809760
359701
358838
719701
876701
951718
1085000
79266
1186926
635407
1082101
1140168
928567
569437
383985
738546
298479
1065398
186129
1177104
701034
1108122
1211470
1888972
2125
1411628
1216513
447652
1779414
819447
1581474
74809
1248398
1165876
54822
11213
1497460
1207664
2160923
524851
355727
801043
258378
119111
534392
19588
907921
237191
1852297
240113
907555
917025
1428047
535411
166790
335283
1607055
399318
297424
1577817
699808
910814
342534
1472137
742285
936462
250489
146818
691949
1298155
869446
652874
478825
582694
444914
817311
971089
332639
310312
1301133
551908
1540045
845559
187686
1273314
1163747
966484
452054
1668984
634804
712208
1372062
1312527
769088
1237534
2063040
645050
1301360
1287693
1173377
1932450
718723
815078
1849557
342744
1172019
153994
363739
210974
199226
301777
1478417
1121722
975063
880458
2221674
828320
899926
978196
618371
867043
261172
154366
20860
430465
292456
872520
1507916
738384
127173
669374
1039957
1276625
130468
894901
497566
60215
328392
2490380
1080744
253083
1418178
434474
1023871
1431208
1081339
526551
650265
240646
630520
784417
514181
109965
60128
1472949
196994
1160401
859394
2100703
907096
567020
369659
1149350
981835
1784596
1054971
846288
331955
1863587
1555151
1328951
199505
1378853
144802
782189
699011
606889
506181
1026779
711680
557391
604854
837049
1028967
1245074
883013
1817201
2408506
739931
205627
1558974
1162960
2359594
131900
1929092
941134
885961
669939
1925683
1355103
663127
738901
1876420
1689570
667542
931814
267000
888266
490138
845920
314257
510603
2229367
1645915
1306710
309463
661262
1419215
1081807
1127536
616059
582557
947362
656639
702373
2349909
915857
955243
1036651
274456
107450
888973
2824624
853414
744530
1411592
1235244
1180826
86885
256990
1813399
1420186
1082517
1439973
1534234
1365620
146613
819040
109532
92874
1639851
855089
1539981
775478
669351
2161011
1651707
216657
620523
885646
2440183
256855
110017
137323
113770
659277
776506
482255
1119170
49995
1953425
242156
656795
831933
124516
88635
594996
985995
1014707
1225453
1482936
1920897
794623
1978024
1789070
1821490
280554
666391
1148389
298942
551374
1778050
1009703
2134075
229507
1081444
327137
837336
819578
1462402
516340
674116
930456
986721
655876
734934
1263993
762200
899202
1370382
1344970
1882028
748672
646434
133609
1241858
388696
1472732
102021
426167
2534274
1729158
296629
1497523
1476185
855280
1098782
656932
671696
265041
479693
1273710
69438
1471697
1451990
221127
891627
550544
686416
1055177
1946207
1742313
146167
800712
372270
997175
470501
1286859
706537
539199
1870836
1267967
592812
1302486
570236
445870
639303
497090
1303020
845750
1216468
514021
2109712
1389502
670589
568255
506503
1006732
695151
875577
796870
569017
813382
1777926
613270
38701
926654
875724
1673038
914414
1285084
460522
989941
739227
806303
501818
462752
70367
731759
657662
338955
1196488
1017860
514396
408049
930965
1973582
1832697
859402
696315
1392831
1075071
1332841
597176
1201962
1249853
846610
903804
1021970
585350
1381995
608996
50011
1490438
252035
821941
813954
1319596
337308
325018
347764
757271
819883
660642
534467
1188775
2928452
598369
26204
1107529
663451
885803
522686
932678
2355054
45648
2403309
1235216
966695
160639
564940
1184466
955942
1210947
690544
365884
2314628
929020
1211321
949968
797818
738402
447267
892404
422792
927588
605698
1394076
680826
1882592
1315028
575387
1075982
930503
650232
377423
679033
1452472
79812
1743534
169744
919711
1125627
2384088
1937706
1269841
1718277
766018
797611
610989
831808
199748
118917
1235770
537564
135945
1034303
999360
1972685
614105
404736
869485
417185
1155692
2329677
701677
1605304
880213
718742
606254
1121018
744049
1046872
285751
1596556
238675
1722948
370571
1807140
1024757
468453
1243239
1387940
1415429
999367
2083324
662668
1010833
526268
2780946
324847
1359513
362145
319235
560302
408440
1212453
169465
915435
1206678
378802
1226284
1709821
370294
890540
2357251
878858
2323583
790751
737005
103547
847313
1116670
113955
1522641
880269
305583
1406598
506621
1726633
475819
163191
1349428
138424
452809
1145632
1394825
136314
658594
510790
1061180
1962190
2470232
986416
387288
527544
186520
1434688
913538
1374712
409831
995379
1166773
1168689
80450
1143616
235634
1617850
264070
666258
1259772
403949
1664247
592171
1008714
1542226
801316
2995422
794365
1802479
821008
776048
527128
300247
985972
40052
1837431
716980
844296
531945
929248
672410
1461833
232281
886590
646258
687261
177879
103796
308199
1708154
9405
1997589
111928
459757
1005449
1139578
795907
688415
751354
746037
858707
448186
1068980
1883499
176302
141522
582421
921158
1949190
554887
851002
1428911
1035361
803408
409178
538209
855279
259066
455462
808354
172784
120790
558307
954101
558792
424025
344333
460594
825448
617509
118961
1458143
1791073
676877
252621
565312
732240
1259007
626543
560977
1259913
1017923
396304
229339
1427914
2359848
1218708
1961644
1700261
629638
247528
776169
759505
682598
623680
611654
226262
351687
1400307
1770654
969628
1225442
55261
754054
10582
645813
1152087
1263907
2291704
769190
1103902
423939
1380538
501798
85094
1001329
1857264
1593981
232098
329322
1963856
595661
590298
742324
278311
165047
839056
365174
509857
935522
286520
669609
94426
1181283
395675
248854
592174
1041502
1865199
983329
1355266
220435
162462
808170
125301
1051069
579193
1052061
269615
1321084
906591
21767
202412
461691
254583
475856
369516
681684
768751
970031
884835
1995383
1128984
872320
1417248
609266
224742
534202
825956
948724
422769
676358
1386314
840210
1018314
507505
1671605
896115
547332
885962
752547
1350000
531176
673295
82836
1388091
226780
1410440
1340990
2464393
1387864
531711
1028952
202002
480941
44719
1119273
950685
510460
1423936
502357
665794
1138488
127165
1498668
521776
792096
1732548
335031
993686
714339
344356
801768
953925
434202
1129549
1164229
1045402
975844
2241993
468856
481346
954121
1811792
536286
946303
522357
1364097
1249394
719120
917016
142483
705725
791829
1439296
831858
885861
592344
915387
1075247
90295
884176
710067
39929
1861370
1265511
711055
820335
1202586
957220
1731723
225566
570838
367404
964316
43024
555151
769002
737292
888834
3481685
325429
1913846
443199
194679
278777
1140069
158355
1217551
1195735
669046
980830
505136
516270
770576
968082
330358
370819
82916
462528
736752
1584101
115182
742932
1839348
1490546
388143
44361
1484391
1674078
638029
397631
1082704
1328794
1177553
816688
790912
1255450
813252
1020489
810312
718135
611662
394078
632735
519132
918932
782301
1489846
892996
1422741
1498412
311907
1177737
115560
618519
865454
618176
2339452
426857
1659172
845928
868980
1325603
683261
1675755
1544870
1014578
452852
865379
2717273
282403
216491
246598
770752
298489
686240
909253
1138525
2860870
347480
1274807
1297854
658431
2484302
859803
985334
271442
857185
284867
1286528
1517755
1480672
1505108
726526
284347
825434
332594
938354
1794097
259662
311266
1558270
275274
38388
923471
1691366
331676
1171822
1728502
820327
1406776
353463
599942
1245178
1063141
1365422
20136
1162483
985073
646823
374437
1552632
1424490
747863
249518
352966
613459
1412162
1487485
826767
896345
1661867
413249
572242
897165
774975
1660607
182045
1055283
336550
67772
1137261
518848
1082863
2498719
1095783
949578
578207
374172
831675
1143521
392542
141845
1371902
1784196
671558
566881
552073
97782
670449
613271
1141850
1745366
609606
955532
1309678
488725
1844872
1373409
1483585
1637610
25732
168992
529003
1616202
724124
1108909
819488
51291
638236
323363
1160427
2987534
19969
178332
284590
185812
254057
1250907
409570
1716113
1795140
1132716
664367
848212
833053
1432369
740624
161201
2043756
319937
151502
674414
469539
1265585
1391870
899328
181019
284477
1294880
37378
1312387
1474856
690430
402723
1292684
783688
424134
244997
3867420
570502
1133326
875759
975477
862633
948298
481216
745738
696858
2094932
416651
874246
959851
812256
406057
1864640
1033978
650209
1295313
1366342
1663226
772357
605196
1418797
1127673
322097
694509
818875
183652
905185
2818949
1099226
760910
920487
1440188
1536834
1191289
1230663
609956
1820169
427348
1441172
818575
663057
705835
1133170
785416
1336054
832614
1647344
1145351
543643
80464
811625
1083013
989849
2172864
52383
428087
1023403
1219836
972667
537535
846016
1915073
355020
62661
96038
354824
748674
1980973
53655
980299
1213327
1373002
534283
505550
698818
1696856
439299
2068386
819912
219790
507861
1292523
575753
317145
572673
107337
707716
189710
556022
852092
604623
761759
625162
967977
652310
829302
782813
577762
1689686
1028935
553584
191563
1230846
476327
300752
54431
601098
9603
830176
1236090
838917
1213843
1281296
611704
501569
421877
1712801
1461666
962909
1478397
2312186
215153
621371
1473009
1814291
244756
934179
306266
491171
410644
466721
406495
663856
384256
1248255
1073619
1097050
388075
403080
1076534
2409452
1167065
419713
652578
1034024
318370
293901
1379267
591703
259797
387877
1469905
710130
905958
166681
605985
831160
1199884
1465423
830942
98804
604713
1175837
411359
596306
1021269
1128942
834618
996038
1301693
300182
1305726
1396801
1967213
115067
874694
1166810
1919061
747113
116208
510973
7216
329401
476533
1162298
1341608
580806
2230651
1420948
1376733
1289941
2223598
330893
978062
1346376
954292
766803
835447
1319557
1138311
350673
1387521
802289
1693765
699772
1147840
342540
262059
1085760
779869
603057
169737
1350543
63837
657172
1213782
384814
331649
309055
1275979
1465764
352565
1393809
644948
1075560
1753421
340348
2375275
1554574
1284274
95779
558855
2037558
530115
867926
13593
1244729
880479
1264146
629790
41368
605831
89153
1542168
1422602
659816
1410290
1279199
1205067
786399
1104094
1471901
123588
1952926
751584
1004991
1343747
354708
2126454
480462
233504
1498577
641377
578309
40273
535952
1255583
964100
570099
526293
63849
911147
691997
713822
1878420
1128138
864938
845151
938864
970781
1370859
74189
796512
512925
669296
1591749
964957
66809
49913
1077102
88786
361899
941125
359522
816893
800717
1467134
1155506
1294409
474260
947015
822160
913803
921213
895275
1200526
991272
717004
1348235
369612
298889
784860
374028
563704
1342753
1776439
263235
224246
153828
372718
617030
1928456
422732
225452
107000
282191
696211
1089229
212505
805047
741231
854548
1311312
677818
2518327
1399041
1027710
887556
439383
132552
371848
725404
191290
2269894
612105
1249835
957660
844439
1209306
860093
70546
1028907
418758
1246124
303936
812190
1262198
480293
1472606
426574
732414
599147
785871
266415
461291
776864
683078
2259394
32210
677995
827679
513484
357182
1989339
1137886
1477994
1662558
630034
1040751
579945
1738704
1009541
852098
1377820
1316982
1305256
242570
2164462
948411
519216
18234
313055
898314
1148313
1430212
1424595
426580
756110
11030
459437
1673700
239151
796506
133090
313193
811381
201521
1452210
1444135
147833
1121685
1408729
2348578
418747
593585
1349164
683696
62248
1874182
376933
1261675
435008
127728
576208
779879
645631
514460
573920
1217533
317379
1778558
57642
537091
305374
427581
1248154
338913
1394643
153801
874733
1428362
825474
628455
2414834
177269
832695
826227
2246085
1139821
225048
1170822
651568
380555
1297586
306880
321831
694381
1383815
921479
2019432
979464
237501
914678
975637
142240
120334
905050
1377046
1417600
1333424
930206
519767
268236
202344
1268942
702722
125564
876760
1383169
193345
689803
568043
1082137
829052
1778613
948961
1277101
1453778
137894
2246531
1064718
1627487
619670
883148
1983566
626610
5051
1168666
1942245
414640
1460703
697464
814934
1245362
1561880
1848050
848279
310559
968861
1250076
376982
217007
106429
1282727
517599
1357636
1310004
21257
336707
971117
1363007
1234768
597275
946146
2156182
1335883
875090
380190
1619968
331357
1025769
2054661
846601
630248
1645053
2754939
1291832
624921
540716
1313382
111429
606366
586749
189513
639248
605961
1370757
1499236
236628
206119
3166382
875764
229346
1073033
1277339
660908
1379538
6294
819087
641205
985787
1468148
1478836
680497
1668171
1467418
1370976
856815
1327162
1142396
550874
397586
1449728
721497
102818
1775180
436270
675692
1782103
708217
1022690
2190997
196699
209699
299676
1111468
372122
1256697
170710
636938
1334640
649236
403032
719131
47440
894286
1931632
359308
1175721
1900872
1603272
2572981
114092
1102656
1375161
223115
828178
133492
1918181
803213
909441
555199
1293258
754481
671029
726710
638714
800083
897475
707654
76815
45217
1459105
764661
878531
1377614
144938
2301882
1368613
599833
2049479
135459
780687
751201
1298032
539915
827229
509423
1306904
1385149
872480
511176
2436686
2708785
371607
622230
2119880
178856
572838
2411546
336899
1952910
131720
60601
1515055
613844
264552
674184
2513198
370353
1315830
1779677
1273859
1053372
1059228
1699227
559920
173519
1138903
638562
1719616
500931
574794
1628249
1193740
462315
1242198
1334784
128737
2188407
1717934
1483263
408807
1834766
3581614
750829
173316
786223
956083
1664742
558504
139470
707982
694900
992267
1821583
1176825
1353728
1399385
45769
866996
1005246
787766
1822498
384849
600475
129253
547465
477970
908684
517323
767197
1968124
360828
813176
937313
610189
1277049
2053934
292417
871728
529731
1669443
603853
621913
128890
91850
20184
178196
284812
1201527
646421
1931103
1455296
344935
1055061
1369599
728458
165541
682184
1027864
623924
1328722
1954167
203582
2042541
542821
1805699
2115952
87001
1492409
590598
41804
977340
2193196
236523
901284
840684
1236972
563187
933559
1452666
561109
1209965
172133
105669
300606
924698
679010
1366532
135322
118052
181235
2908502
50050
1534913
1040990
125295
59576
1033137
21859
204425
491023
455641
430993
1025197
1344751
1313923
299803
2812165
1148862
2461243
1361808
1087111
846048
1509743
1252113
2167784
238247
242123
638309
884227
1535182
1405624
679920
947404
953672
1863063
1254026
2035166
1051455
1277607
1973555
856518
1917214
334776
2802796
435089
774520
398705
368489
1397857
585834
1249870
1371018
170255
1889189
808951
88048
1009061
954927
163814
190996
1089732
213711
962976
23546
486804
1908335
443541
687437
1359382
767300
695359
282508
812074
1609041
1078717
900297
542534
1183347
509522
148922
668188
1102399
628774
117872
394894
206797
1177664
1963533
2086936
635232
441349
140090
997410
1056231
156568
102366
2182826
392611
2856023
422898
413938
105363
2222359
159641
1328755
391221
659301
685077
1173957
1481451
79394
1774044
573586
427174
1913857
1369968
1226015
443463
1450406
207125
317310
934024
2188229
1191077
1975546
1636898
1456381
1392520
759976
1060017
587449
954823
592463
24666
772523
1563047
458204
612725
697196
876090
442381
929357
52027
809528
367455
86989
1749369
203381
552510
376413
1615142
630228
1135601
1726195
233026
760384
836264
638478
201483
880707
714155
1859267
786487
487127
656392
644867
349302
548769
574753
333309
1139630
2432229
712472
1518981
201308
970012
366336
813311
2420171
401227
941993
1515421
261051
2015381
106703
1683499
1104472
36503
674855
902997
439869
231163
694512
369736
2181772
1338062
1035322
570811
25012
653908
1934942
244185
1084679
498371
1493154
1254943
203198
124948
968943
1129448
522259
1556669
1322298
974705
1121249
765956
629426
1665566
873955
35574
749396
1315492
1362383
665693
126097
528521
683734
531415
1117729
101806
833506
201035
320367
1204918
2255571
778750
254313
94278
299999
712012
2963338
1056564
2429613
958681
1429613
260549
1461717
1671662
304312
1339864
277119
631625
609771
106055
278206
471541
429612
121780
986671
1348608
741177
453000
1046939
847507
982417
318238
1317774
1677604
432679
335432
413242
342030
1076620
713040
1292277
1633194
1117888
1879975
195987
2351807
1797821
50435
209224
1212092
668871
648490
2249829
2771374
900188
331188
1838069
1116212
483581
525012
1414940
261751
653983
915424
584468
661471
763704
1214703
87308
360521
1943569
999943
1961575
248764
1467564
1365121
362389
1879778
1918939
111821
917849
324347
1686725
1660920
736896
1486516
732317
783029
520738
536127
2572202
103904
124352
1724324
1108340
916069
1244672
159837
1753562
1984679
77904
698855
654293
65382
659134
595867
690192
684097
1679898
1356355
1224879
171873
569360
431154
1049633
403006
834124
1931477
334636
348643
756915
153069
462875
1560342
417603
2003109
7022
82075
979760
769192
42535
971198
1803971
453108
1335285
904023
147896
930707
848710
436720
1179099
393168
1741078
65163
578119
657133
962230
127944
1181604
748890
610979
849387
857892
381066
167789
1175330
1333538
260839
409321
744141
873694
1044494
875835
390270
182816
948765
1325835
833608
1039375
958064
520779
1067549
715542
512274
792043
767992
309468
46040
630785
1243650
1322021
426705
31296
980248
491825
1232674
302556
752562
590520
514742
636191
758951
571400
963225
47572
545428
90307
1000397
1191637
1008516
906689
613246
516155
814739
1738086
243320
864745
245875
480041
505279
1097790
646967
1779306
74022
1381406
834198
517206
992737
201955
439088
1657409
226621
1132269
151445
1452872
140375
288620
121516
671593
1124497
579022
1228568
533832
15785
1266033
1078077
227048
29259
1230030
533448
964555
614062
1198600
185301
584208
1795524
557337
899922
918159
258387
836736
1332617
885050
68968
845808
356964
169883
36147
1225759
1169586
113357
898229
324626
46511
36129
1238589
668330
1268136
1067223
404506
1014806
641444
283582
102450
685724
1422086
2488594
1004440
636621
340151
1436216
743716
478956
829833
1391039
1164900
123075
615775
165725
143512
399179
1475666
897420
836740
774877
909109
616937
683430
506818
1280256
107056
726926
868731
1597969
79550
857557
1975158
447927
224780
637870
1092278
612561
1254860
1065152
324998
744988
505003
873309
309986
614643
524842
406868
1105961
1071575
81281
981803
89835
1195030
1146458
853648
620532
1129520
1907406
2231318
1376027
1045789
1175623
1420772
511313
11923
888187
794288
571185
420333
282441
1291507
579688
571406
450810
47838
777001
100906
985374
1300402
465464
793134
831080
1345493
544281
2335391
827761
700487
336349
2694214
954445
1424156
930960
294036
606453
1061195
1204938
198664
2299610
469645
995000
1603381
585961
1843913
1079854
693130
507528
824724
1471380
874418
1003604
137566
810674
513123
194078
146958
460322
1765691
930185
1317591
1233592
1120268
947690
963340
1743992
2409568
362628
1905495
153149
990816
539877
568463
1143721
1228440
1021353
405711
650070
559613
570834
433514
1745536
1235639
128490
376740
1219700
627297
107198
1469636
1104545
976758
750208
758189
835330
1252431
1019456
830163
491470
1893583
1992527
1143986
1817989
213864
1111289
464482
78143
119807
720294
1904239
161338
957715
562356
1503949
523431
729827
1509851
1370576
471354
25846
1948869
662496
2053172
897084
417681
233139
1468183
775482
111212
437213
997870
816108
950580
1645961
970751
529964
1526162
1499827
1126710
203415
1535130
731510
1256566
648631
321225
912072
14151
945508
1102178
980717
1493695
703436
1072206
47280
1365143
890522
364119
398966
1032467
1996635
683241
159317
110644
601156
1286573
331113
160230
297591
1152970
2435598
982346
677101
307650
1405968
295336
634839
1261805
1138856
263515
43621
969405
136201
965600
2272944
734326
1549632
912516
1052667
521904
2461346
555313
592700
146612
1218663
1525853
1606241
1146776
368444
930391
333143
505952
1824638
108951
1026893
481498
440426
1498154
808317
79037
537240
1432735
390002
1416102
306287
149656
846702
72408
2587164
1051512
1155307
349046
933988
572366
1243722
144807
1345792
1953572
1548785
17999
2065872
512910
201846
1226893
368431
1192474
934913
1087485
363662
1728248
179734
203604
840613
702543
869496
588826
466027
541605
1961681
943184
1201550
1728848
389559
2454055
278374
841509
100561
1041313
2121804
537860
645120
2365231
783535
867239
394273
92143
196174
1270830
467895
1088905
1170218
1038256
136078
804718
448890
551527
836098
2469301
1280041
332864
264646
776474
823653
1536263
224362
1128125
1584438
352467
1606237
658747
367510
1747323
580024
512212
1341575
2564733
1368644
1064641
1144327
1620974
108250
1697849
1136424
887148
501264
1026376
890628
3127236
228380
919507
491605
411624
479610
357556
390219
494681
1047312
10133
1132094
152084
1298393
1371123
664747
1085636
688871
268410
967970
1602061
1191306
2083744
1425637
1595896
1663862
322600
950165
7592
854121
738525
1111791
909728
1337299
906032
1948188
840535
684310
623575
1289836
172098
568021
479083
608172
530883
1818354
947653
2637206
576444
1486648
1044221
871662
624082
1977600
236551
282293
2947688
4088
1149556
1206878
1041665
1165701
201578
1636774
49657
755633
972552
799592
503786
516169
405153
709525
449342
1774886
1842875
1106090
959902
999412
569804
1232611
1199037
1409592
565401
1839382
879785
1300082
150675
1110306
1420664
141770
872567
1366445
810643
1014096
1951498
1212693
1047850
881700
2293463
1897958
518204
392926
1485805
1098002
397545
834254
2287233
1280934
905150
563595
247076
731712
1131108
1436401
1961257
728837
1316622
1044300
964735
2617
1395973
1157819
458702
363760
271386
233046
859865
1071209
494959
735512
24696
1304962
862794
6144
1400888
823918
1427392
977593
941080
1319978
441410
979427
922378
824023
778766
422065
246411
279945
760733
215578
807719
198021
1871660
906388
1643190
1294642
1237617
187106
283700
575502
636261
280151
219337
517224
821360
584124
1874493
689141
844413
265652
381950
1150372
661892
9927
443417
426740
277142
598692
996441
691597
686513
676999
1372424
645043
363400
209795
1329961
1755422
238741
1833442
373911
17487
176390
2490191
458660
347972
2659914
1993085
512217
718772
61598
536842
143374
749694
2419937
627268
109229
504996
278264
665044
286289
983773
817350
1756640
259389
275406
222453
219571
933956
1757890
529090
508288
1104316
349240
213008
72491
227847
494211
84467
173169
1213639
1387959
701694
487335
2162307
1357190
448340
2428358
2278947
684338
29648
797807
2116877
657892
1021370
1416817
22467
506915
1374287
734544
1014563
314248
1930931
1065448
1328481
368438
41213
721464
343596
743791
1351847
330946
209859
576393
1422233
131607
875706
1320583
163546
1286265
973942
1315499
1420027
1186144
1473674
2207920
767271
1678118
1762869
3390526
7122
832230
1703649
1950270
1246149
1092296
73474
1648693
5131
222945
1691824
884341
1275364
450397
1967914
410551
532140
763879
544560
663692
929231
486216
1411395
929498
815795
233267
1242660
1315244
728010
1252618
1843088
2003178
1033978
859138
719068
1101039
1321811
494154
1910490
1613216
220245
1076178
984559
1235746
1399844
707566
573079
1849964
945521
865410
1374239
1985859
553806
646496
776517
546924
701078
1166837
1421751
427012
977278
752011
649294
1115635
1184516
685327
992879
1336775
44154
787003
2095109
549604
473720
1735479
441381
1433536
1473412
1072865
2092518
1210293
877990
2045396
845956
1434999
1632852
1558509
746329
844845
772030
1152849
705983
1665412
431936
203027
1989966
295398
755915
883290
852341
438545
724822
709511
169952
751596
1299246
729757
826542
770429
670399
1235298
900468
1430429
1331110
780554
3779131
1594228
190877
1409851
784794
357768
1269353
1030931
704632
358776
1240076
670479
412169
1111663
1026251
752845
413740
1869467
399171
396218
1369670
454789
1377044
1074670
943334
2321475
963826
959612
903005
1694641
352077
917230
121216
442118
700708
1828437
254916
372714
1281395
1102184
711966
567148
62205
1122186
981117
2128185
3359616
623190
1028974
514032
196700
66271
102804
611899
526631
775225
647656
1643712
1494297
618204
2306107
1864156
195991
1743279
1017486
1661113
287750
875049
720436
858334
252758
760443
11820
1278732
1118192
901522
568582
1465488
1424678
1033665
1395928
1443740
1025438
1158852
88805
782104
73794
539239
1138962
1226718
424943
90542
766957
796491
534432
1953270
640995
1117688
491742
1307873
613541
2218960
1447151
2388664
1186752
969988
290849
474545
1349855
749090
621337
1257080
1172550
1787339
263044
49555
1153685
490763
810337
32198
303102
534027
227377
1000861
1588524
859753
1246500
1199825
638970
76209
517162
860874
592180
935533
779259
131435
1124532
352960
1429867
817460
374980
1496248
1104470
1669065
1852821
258185
1859979
197112
1664481
137790
295328
990145
865258
844497
682619
659863
1248342
965507
739808
1407467
19246
3149935
2639236
712400
1714332
145921
388277
220033
1365702
149772
1245099
2447847
2054194
519552
1097527
976319
179134
1769858
965743
1240257
589636
294653
1232763
1661380
1160176
21022
600456
475494
1552327
1231205
1239471
1319760
38685
534782
1147656
533022
2383641
1030359
662232
869828
746576
776372
1318429
1743381
511972
769030
688762
1160070
202112
594434
1820011
786552
1296314
746261
756143
1884188
48973
742716
819189
51383
73721
1063066
705165
1243564
47969
2898474
331444
1207265
62952
201692
520322
1213891
1366959
782372
770396
2387979
1740822
543925
950010
1023723
1327766
272533
346716
422442
777408
823346
1773111
199027
1035005
1697145
472861
107189
1168043
613806
1748886
1010220
1436503
2036095
615969
601861
210148
818971
162383
1161767
1804255
1200137
1561765
958262
74629
1741114
1136211
259481
773724
1435207
931262
513379
844402
381631
135246
809335
189821
56160
1038878
1782830
953014
1464590
99014
182907
919227
1779146
626670
556950
596361
787617
27321
425278
2168636
421037
417139
768255
2043501
1054945
1027617
651868
251181
926660
1318925
241519
1700875
185960
1498738
1511380
1434790
1026237
538642
682860
102872
698182
16025
1350117
407177
589237
1986677
1391104
2732020
1699290
300446
969491
986370
209885
334468
387125
482760
533844
548961
1365633
621319
887864
876260
835386
1236583
6618
912094
841909
443511
633371
1100341
755676
836589
1278081
1434380
426935
1383485
437997
1041139
1129294
273377
1162096
966232
81650
2326093
1230181
347410
1317027
572500
1251874
900493
854194
908260
591952
2326527
684271
61922
1940737
643791
1472837
1720011
729640
256516
978282
638703
737100
1441593
264444
650547
1887966
1250052
277389
971467
1664850
540805
1332584
1269593
1044018
791833
1376692
163981
222581
400579
1787069
2139330
658742
1413532
997435
3550393
511304
671551
143859
879486
489039
1923899
1375874
1543261
1253682
401726
1414112
729799
394292
1573187
286889
634254
668138
1447968
786880
690945
769966
710710
245141
1405774
993209
167198
614190
25499
700919
490421
1946154
605096
105724
26028
743976
588491
1788508
781558
814287
428336
923200
95926
1233008
149013
1356476
507181
33486
65799
664036
1764261
1474726
782051
215622
1541125
211122
271219
481211
2069498
780015
1116300
2718527
618662
285159
1596746
577512
165296
676242
191312
627291
1216848
643614
161094
1096865
941981
431414
185976
923616
1065661
600327
1165777
1560749
434608
128870
1968281
1053671
694402
1131734
385625
1392999
812595
894670
696817
925115
510221
1071392
345851
1138489
834569
224252
12135
735256
718726
1581979
753435
219394
600112
271968
777678
500653
509648
1460642
1342504
1601297
1177118
1797709
505121
554363
1032808
1515023
140315
2032168
1759718
1103926
626438
953013
545316
214975
374519
93978
325906
1152786
1277997
1366719
1387923
515890
466282
799694
870345
1482266
156945
1975407
1422882
1014121
635369
1976315
325770
59974
579381
926928
1673972
344455
1318998
1157258
1273133
47028
34151
1761338
584327
160209
686076
221336
804903
1457377
1430111
1766876
763669
975342
1440815
1478418
812614
868046
1252702
2244723
119183
39017
1265231
503608
58479
246365
927890
86576
257281
92779
216645
581818
1390534
1317139
341135
1152055
1322580
29602
347011
442431
1586437
782612
1212567
823739
414437
623613
647527
114073
1723841
172554
1334034
863299
2280274
383533
1181655
1811
850475
1213727
1026164
14089
54349
1314246
548676
520228
954796
640447
1172604
1406998
1053732
1267101
1465930
1368377
297510
1956663
976466
843624
714434
1774633
894925
15056
403160
1652825
385159
57037
1072807
785507
2767036
296216
460217
1593463
958071
237221
894289
622438
238192
1061363
193659
557892
645993
402149
1910646
211663
154700
491061
185384
629143
565196
12143
998566
1006815
319581
1124835
1094246
369448
1724218
310011
446796
267861
857690
1369653
993462
641553
2044791
1273874
612940
582933
1428100
888020
1105615
1662030
32049
604494
514852
1784484
1255782
2116093
698342
786815
464192
2044156
2837742
386218
788660
967517
1395656
1160545
1320263
914075
266075
662352
503598
612819
1179740
1046457
383696
1098971
1735128
122400
969405
205938
377476
1114506
210514
300863
538091
1139272
133523
704189
244444
594651
580908
568283
676309
1606296
169325
497514
766520
861938
484873
961271
1849105
774496
561459
2285088
628872
805916
113821
703915
631826
787123
1101686
1853178
1608151
989731
1113158
323810
819623
680903
2149871
1306818
239270
196503
1223851
1455096
671576
367795
788613
644183
1467539
1227879
1082110
1331581
178281
1193136
911942
1993000
685431
676101
25852
761520
557525
985241
609739
102743
15042
948230
1863306
74885
248435
2841452
753111
910264
266240
422880
277240
625152
764659
126184
613015
309616
228150
1163370
227553
721591
666752
1143085
722818
977335
73924
2558848
1447751
687285
998974
127488
1188761
210966
528419
350654
1017178
1316018
348396
561093
832775
1455722
124039
409280
960273
1218941
1616930
660995
69472
110464
685468
1477193
5677
1037683
930226
1564163
140068
319767
1347595
928538
2393148
387909
420489
735282
1269339
593730
1835701
1021590
403602
1068983
2481133
10012
1458649
120645
1453909
1556230
912816
763036
1646976
1365519
1167835
540211
1131169
28271
2094560
428252
616282
249662
573927
72567
693352
425982
697941
889806
1033201
480028
436526
1248456
715604
617565
516494
1037695
300916
662365
131243
439636
155944
997979
316658
1649097
1982217
423834
748388
1793719
1062849
507209
556084
1131389
467605
1596746
945607
1709761
138424
763032
141679
785659
166547
1173418
619405
1434740
985724
1030364
701930
1187637
425371
915030
801881
72131
2532411
847501
1310483
125425
527387
1806286
14488
1110325
26969
1980353
1820902
961604
1262847
1047090
1061665
1534049
47733
843252
1220678
897464
359915
623527
580404
404529
109162
476321
267169
978951
1727390
1205553
1871550
1475040
121962
1966503
956752
634078
882256
988792
673906
811932
635459
569029
1518771
2144700
1893299
524996
1367280
1888836
1072061
291423
1938614
1724913
991125
990976
675104
1021771
529048
539159
2318865
44064
359226
1142203
24790
722164
309937
609845
1035011
676894
957989
1154115
914350
1712469
1570141
1489408
503637
742641
1546126
696554
827184
326006
1739754
633700
101691
822834
1059660
1125346
1157068
1366191
1047652
464203
154037
1780620
12235
116864
1558686
146830
1080492
866052
1370760
1945307
426389
420733
20393
836815
711745
113087
60585
1825944
41833
442257
571083
899280
1281875
2332315
30767
1953882
890629
1112810
1340824
1124979
410360
783770
1423541
1156912
1919775
817397
264608
553237
863766
312741
978244
1399098
1312248
510876
1291428
966242
1160540
191239
350405
27904
338594
833054
1945130
919184
1487631
1031817
791270
1324918
1966816
1650903
149655
1031710
837410
163912
1147222
750392
567304
1570781
1135476
1611927
2173725
1409953
47686
1450638
153473
131231
1324458
939375
1203448
717768
1268394
1248904
1634725
1267783
455846
1491267
1059261
668107
1829495
1826369
875264
129208
233399
232252
507531
1196051
1952452
1047903
655888
1389711
739819
964875
1350606
1256097
719466
1374064
24228
717125
809686
784780
834088
961747
584548
1801868
524733
626474
1674828
882566
1545547
518142
1359920
2369528
1194065
811561
241826
159240
667325
758420
1067212
556576
1209955
1480553
1379090
1049868
775187
173887
618170
1338267
834829
997897
1858708
1068311
946071
1233315
761053
1260873
885623
490785
1462022
766613
868900
2606238
1502939
339702
825534
218759
479110
1026784
543141
840394
329914
909719
777134
1117382
2499924
1062168
880890
1890584
438179
919851
617161
728231
723665
721194
964563
1833269
826691
997850
539358
834602
535906
725804
933075
69607
182341
