168604
453698
1231303
955128
1285936
564014
767692
402069
1375290
433099
744891
1660025
652258
357444
42297
1346663
52306
712606
1179524
1275177
84426
799071
1297615
601706
273675
1369778
214533
161159
744806
397551
1230849
730572
1415688
985728
370255
483139
313740
76775
1367914
835918
2722470
607651
58586
182173
572399
1727130
764272
641666
928186
891769
927272
958697
649658
1929951
1016644
1171854
46678
1416640
81288
639694
489778
442350
495486
161127
5859
859387
819472
721219
1010807
990177
267012
203447
156903
6091
1037696
186706
1142690
431189
60771
1089208
537055
985367
1208613
863510
727622
601031
492883
182039
1275972
369573
1303441
133277
462738
596696
1100950
162003
1388585
1895230
444422
708711
559276
1208330
821047
702940
1310937
1459407
1677419
1313861
1141398
236641
711022
486005
1563292
1420099
939796
916859
831307
595076
100761
1182131
222386
1339562
531197
327295
1213089
2304730
1384515
350684
1400501
26742
1291374
1124728
115591
1514189
341952
807465
1852282
724538
1733239
773601
1156903
1721803
1538157
211845
464750
621866
227603
194852
974116
626689
1992530
1251084
124220
811038
483432
1106496
855995
1096479
739426
215118
870596
1745871
442339
275269
1380964
138327
665337
840298
802787
1862585
966207
804019
640913
52894
1153723
310516
250833
395064
481309
660670
1144300
686058
845210
2199120
745725
188780
1314028
1126797
86364
586963
1435279
134645
635729
1271509
719682
1290775
1158784
1478355
1673823
1544812
1299411
728088
96767
1015750
1718832
381190
705910
789806
332704
268377
888943
209621
117441
1358667
773901
1746282
1545906
921471
5159
385842
13664
1397890
1956742
232733
1224666
248148
1096678
1874109
666581
194477
132174
374297
137284
180387
251092
109511
1228033
873616
955064
366047
105688
1369016
261284
1360980
28670
633873
1940711
582726
144054
205348
1062037
959290
690212
619865
184195
901458
599608
683831
6795
1308033
89665
488401
1732673
965566
1369427
955109
501497
339393
317054
1184006
1623999
476788
316373
665346
370969
1403848
586720
911463
330052
405392
1036423
1297191
881776
1252210
574755
697186
207170
1076033
919082
1836523
793518
964047
1281759
807436
517718
110471
106812
1675979
546538
1989537
1223653
172278
304517
221655
1949330
901475
544873
108028
31361
144249
1219552
1352755
560574
1178483
1325623
1801733
58712
271404
1626879
1681076
858314
1003292
26186
570740
945675
617480
545352
2411201
309658
1190273
2387076
743731
310001
1146028
1007911
685813
431245
1351175
267952
1388925
945247
678643
284630
268797
1143578
1074198
1079747
791040
2107585
561920
713558
1506808
663541
45334
456380
532539
1542753
682964
3432018
188214
909898
1446483
158371
650146
613214
1186514
1771682
495386
1083583
747418
154827
1537462
1465748
1231266
1415044
61273
1281525
1806394
588594
1483790
1301498
558188
700066
1011705
969479
946629
954783
442577
698685
948377
654610
1251828
1875815
597517
23554
1815482
1202088
2111542
508336
1853587
500231
14887
785654
887668
1178238
932721
1214148
340147
1302892
855276
793152
788124
507261
1396123
1028417
1202244
514235
1157492
974127
695010
674587
1279589
131618
991845
1493391
907738
1157725
308712
549163
457315
1214189
939626
484350
661755
475147
598338
1294904
1203629
1161075
35863
797819
787768
72584
937333
1129447
13401
503629
873699
1699149
791888
2058025
324153
694200
502979
128991
700023
1851451
91207
1777072
1212472
725348
629894
214583
10348
1393859
539842
905896
1388717
1384190
616064
422925
1395889
945693
8009
1376326
734694
1214997
390867
1064035
1460739
1817147
2289509
1794120
795907
1492943
1173535
2026853
161524
765546
100928
1840376
1482165
1126222
1141034
507465
528166
3300848
2280392
694825
806496
1581997
505496
1460687
961101
492303
391725
526839
1816858
2816706
1154580
893504
314481
2256831
849854
1378537
1689515
788508
1091718
296464
691786
536438
1480113
681073
403660
406436
833755
208799
606178
1870306
483769
1340297
1949832
255391
1215297
1621651
1920439
1010828
464526
1327286
1046814
759306
263976
248222
409463
424150
2331081
140999
733501
120475
1294562
288988
2262499
1196380
370117
2426165
309640
609316
839461
1743508
234318
791157
1150176
2536964
368849
197138
1460933
107317
863643
943217
274777
1274463
925406
1451849
60667
510938
1640611
1623451
920848
681246
2313703
997000
2984866
430725
1105709
1459191
227561
796643
3443605
1406442
508436
1392966
437140
1106468
413354
420310
1208581
1125569
2392146
1427795
559429
859994
195929
1043951
763237
315259
870650
394352
468351
25291
1788288
1835307
770066
943231
1614479
1066631
956082
2305285
1361641
1694740
1115233
483376
588245
784239
1294402
530572
1449891
1744349
178579
1944200
307507
231688
484577
1484099
907068
711329
593151
109020
999856
1133595
751833
626338
991621
1416586
1083789
824093
1938391
1808414
1254944
123327
1853585
156358
970677
1231603
711987
1670476
1762466
1149001
1691511
341842
763941
143171
485204
687888
927516
982215
770220
1033042
1022969
1987497
1750409
598937
783131
541308
1399594
803157
614849
2085149
1059397
383749
992482
552260
1025229
1557621
1005184
1374032
1896091
120346
891202
638038
1196625
1099443
1664904
525838
2698914
1030278
957280
1569186
2483990
1175901
377855
873628
362930
462981
107667
1992660
884924
1005546
484605
300539
1156133
637242
429956
978062
806088
833755
239692
962114
668087
64019
1890764
1301680
472030
264411
543271
28134
415304
866920
770746
1200050
601254
1391775
119420
2078611
1995894
304442
29260
197734
1351688
538565
41483
606291
1956419
1065207
623601
1034650
404271
821303
1656101
1888293
2154869
666452
1077518
759026
1257642
1151783
513742
428485
562162
2119440
3350
722321
725063
640915
185276
1271657
1049281
717366
1368689
100816
1779991
930241
602551
1440705
122892
2338681
1681367
390339
1202926
2112642
1280184
688309
1029857
688025
1088083
801914
794081
813938
425738
617801
1027212
612443
2467137
132252
732134
1742229
539917
1130330
1074335
504083
1488656
773708
39192
534810
1663726
702817
253131
2425661
2854049
1571142
764305
1582906
572208
842478
240773
959901
1136038
1484737
733166
463449
308359
678253
792963
407589
286885
1160526
1511024
841378
695096
1004483
560317
661038
474132
1406518
587574
777133
1451259
603472
759373
234269
1973723
922463
1493956
1412859
1268986
1915884
612687
1575678
1373237
417222
1335039
956438
285712
1251053
187778
1754986
1996271
576388
1358702
52981
892491
982782
340070
546468
144520
1787084
1555036
374133
827403
163400
1591644
920566
46705
1238441
674162
1784160
278914
730252
1764362
115991
891883
1158563
1840894
2078280
1508210
918693
2838389
772902
417644
837562
875471
2257130
755858
218121
692710
939055
155802
2370600
1695895
1651182
2184522
158631
497094
1070116
1340975
980641
395880
1054245
946675
776617
1416227
442243
282164
1428981
214104
742633
505176
1088753
304041
244789
181702
827787
2371102
749886
687224
541151
712298
98572
1048949
1534118
741043
868213
1144323
1827368
1400727
60547
497313
697091
974386
685351
1272825
757791
478948
784928
797948
938999
475192
1074581
2782351
1392174
1215849
677331
998091
521908
932838
1433613
1118122
2381756
2406332
364663
773861
159620
1087515
1977254
2163778
573255
1207865
1445038
265714
899850
779771
1022337
650209
757162
517275
1221192
790606
1438023
503308
1907112
660834
837815
1277665
1910396
918725
2271281
53684
1328594
21204
511356
445770
659499
643222
65468
1871068
553211
1060629
332000
2211674
402339
716465
1388211
1518449
373711
1908087
1135398
1092595
1963352
940216
946046
1300734
1227103
1811870
824871
772157
1586123
1433794
1467677
160916
738953
940417
1864219
1177568
528582
441748
282794
908867
590675
396517
434384
504165
158652
527431
301498
413150
1006862
1569318
569839
1382649
2069356
385701
139259
772955
1871126
745647
1231708
748522
588158
1658604
1376565
450161
674446
2052637
1539349
1386856
281635
801835
396
2025177
957607
263360
1730737
410502
1106871
811425
2215610
882991
881081
186331
240034
1147256
45952
832225
65944
2118927
801575
816064
215378
960691
840015
238641
734421
1521593
1426558
1845973
103399
207184
828253
734599
583483
263533
764117
427346
695457
1459498
799566
1938027
969168
572976
327501
988257
1155961
69308
710288
1279544
1352754
1458918
132624
1228573
1480003
1274596
639004
845468
1646232
821686
1416821
443988
672268
747684
358930
509076
1130134
1432842
339065
908870
580411
1377404
1221087
1542641
467992
1416268
901413
786725
697810
958129
993272
809366
1306692
752427
589325
1096691
363404
924042
1300223
956248
1197979
2468853
683085
284967
310080
515470
753532
1088702
1117943
1056315
1654445
1952809
908123
650600
1351652
850143
1915405
1029553
1295966
816722
831144
1229988
1615828
1624487
523819
502731
945465
985230
72458
317392
1336117
707763
1320250
704769
1105317
659674
157791
440508
1138936
1095825
104731
670701
824912
303910
2235869
980762
10554
816577
710188
2157513
797426
679509
1370103
218272
1108800
499767
860963
1087986
1247408
920441
367512
980290
962458
952280
481296
893096
1416502
136856
477285
810169
1272226
137273
437694
2528332
1571419
986986
857662
537855
1105821
101795
531985
934049
383584
2040729
530459
522449
673047
550290
1012263
1509772
516687
1050400
503090
712716
139882
1453330
1033114
1143892
1207806
118318
761582
626385
154806
190658
712827
1198531
292716
892225
728088
425730
999465
680274
979895
176260
1429121
430571
1079761
810595
1432247
2895013
1736148
686436
3254929
1174192
1042804
898427
1409153
1381455
1886963
370962
1480473
945255
858647
1454257
1357616
449848
111983
375616
1568255
283541
2438505
912848
1426361
946392
431227
44224
341556
995350
195571
2455043
74938
637594
1399718
712935
960243
2355925
734330
897914
1827386
253626
1358265
1007598
28450
2183215
243066
856772
560908
1698471
359381
847885
752590
677461
833324
555475
963307
1457890
420728
184479
500370
524103
1404447
2023484
1307517
1226366
575448
1165473
945936
38362
1160481
2191861
632595
1787103
455398
286068
335061
794804
170517
542998
984998
93531
833739
26039
17560
128683
564189
938841
469946
92029
1256332
304718
561305
1171882
761712
537787
729181
680541
2488007
339934
1154340
208684
179267
91769
525543
696970
641654
495631
996622
1621823
1947395
765907
823002
460705
103626
632585
518646
451587
594936
908877
792449
1421683
737137
1650425
563844
392650
644674
702730
968756
162851
980687
1035114
674860
1482102
976542
152016
245329
2891751
639206
386060
463883
222462
1279456
999080
1597251
614211
716561
967025
492774
652202
333753
1807452
1726494
1922386
395331
1929067
952912
617939
1302993
804343
407007
902077
331947
1302448
986051
1303013
973037
796264
1615119
580001
271634
115095
2392165
903453
1572105
134112
713919
73902
313210
1897433
1382180
2992332
1297884
279952
1275691
399300
85631
1185298
191192
1014290
358970
1192621
931898
994709
156984
773245
672998
2080356
311276
883661
1028763
340390
717654
694236
1276634
2352552
793336
620423
745096
372335
2077090
846062
553226
264148
585406
1102711
381893
1343254
451489
656408
629049
535507
761207
753977
1926497
507448
528594
821597
1483184
907808
213239
1234665
1923922
586401
368813
560230
794373
269769
1419147
1674826
1392731
1210000
1042084
1468636
1975895
1033422
134266
50077
140264
974005
287877
915274
719790
1700865
1606438
213349
1773487
40595
395636
951964
906718
1267236
1385194
547626
1467152
1347358
631092
193955
1300771
598927
1392540
786324
310836
749598
71933
474831
400100
224040
919212
699564
682448
1147147
715430
608019
976179
1471913
898370
164415
543266
59568
975515
1407974
849770
1169821
891394
2627804
454417
254762
748710
332285
1565423
1872420
517833
1356081
2060496
242118
377417
11634
156207
1671147
1919632
1456530
560857
431910
1398337
1044577
1550277
1953334
191047
1592979
1764053
105565
1075075
604006
1692115
476663
1009529
170665
456273
583311
669952
612897
1260453
58196
146541
1198030
2406793
259250
623748
720594
354260
1933829
992578
1369754
604831
2199761
942769
269502
1129375
610644
169233
1193867
826531
1872452
434567
696233
708946
1042589
1456941
324927
1384140
997242
1820734
442874
1090242
1601708
553285
560181
732187
1306672
92009
407003
207406
641826
1082110
715601
1023198
1253079
290003
2018391
815006
975473
678716
1403029
1470505
162803
836516
509147
1844101
88507
1778457
711753
95582
96631
1034652
1800246
640866
1388312
185035
1022932
340868
2494602
381748
768505
1286745
134477
1252065
1389441
1847890
30054
502659
105496
219933
1253206
530117
2001116
406084
644756
466582
1166951
478376
815198
1006873
854515
871618
841970
858069
242975
1469055
2933347
714845
1048887
314143
1138286
749379
1399160
416722
1486547
71494
500248
91254
1251529
382108
876813
884696
803762
1899782
866861
1065934
520725
2310392
884219
516534
311058
517770
482954
753174
540343
1348166
252770
1927223
25369
739989
746152
838568
1915751
905968
1738467
920180
989792
937993
935970
1326184
258539
462652
365441
641068
2286351
987837
154770
992068
513281
367783
739393
420363
299394
58854
1313305
445780
95411
105770
868107
80838
548007
464465
364917
1503354
406432
548952
230439
85723
1988702
106534
854089
447234
1308154
951324
610529
680596
2046553
707909
786137
222882
779235
582878
394982
1576772
1434395
1137163
72012
1001657
1253584
2908702
2266533
943623
771321
509548
1540201
135923
1687079
804182
1189264
952036
573884
172537
1437307
387265
912833
979067
2792953
1086413
1052925
666714
864366
1429188
26441
1297242
300598
1144636
116520
999027
658927
1070050
859291
1341534
874558
419574
854490
1610594
1653424
590381
1841223
1271079
1031626
1298155
678660
858558
1410883
1933314
785260
732115
1305653
1021074
1255782
691672
272795
148614
722302
1131447
555260
1220335
1872917
402492
1988687
957641
1279392
2427749
2672096
882928
268951
523664
505559
1025093
624043
1739751
509952
1032458
1615074
157106
1759693
563391
179527
1074624
1320576
1992127
446465
164732
1262254
1991011
390541
873361
1007270
482042
1159152
80609
1889815
675467
1532908
225616
893688
481296
1949211
785680
690857
1198583
279169
1331345
648799
656799
980419
1407887
1984934
1382517
50366
855296
1208520
691953
973370
289760
639492
322402
1461069
1139824
426281
1023658
547872
609419
421413
65728
104477
581755
2196641
568663
296558
1426546
363810
209119
339850
1687408
721842
451469
622901
1130903
803442
525661
46200
858052
903015
1719680
537797
2468352
1374117
757241
180562
467036
745476
1888713
228280
590754
897414
848947
681648
959792
757739
542434
1786707
1277255
838138
1602928
700915
845225
557427
1256328
445442
939370
775645
551187
712262
927877
196785
1000889
1642495
619126
624298
2847589
1222078
1059439
1165811
1968372
101450
309611
278067
530415
967257
29255
1270398
748060
1311728
114841
977219
115196
438145
959329
1922454
1759413
1592904
842947
739201
890936
1416872
874270
870356
252774
1427183
670558
1902223
1018228
1678636
459765
526928
1781622
899922
559728
387973
728608
266612
406350
727640
646927
1030723
345459
1425754
544911
977647
1166209
1146485
1976447
532417
1846864
1065754
80376
672442
758204
473035
717267
476179
950596
1260047
496560
117849
1585691
860088
792923
1407308
586335
248795
1716817
1807963
725102
1162515
836585
150183
265408
369434
1467863
24922
1396856
430798
688627
1460842
1083035
3056611
189630
1999927
1525803
906771
983821
1032006
858292
1119783
2044550
569600
1097677
2183560
596336
769203
501218
941583
1309360
133868
1196374
888813
1422486
1068663
443406
142720
509054
1492860
729776
554619
90203
2190687
1200434
172473
985111
1559131
643766
101798
428734
964643
149083
256210
381762
975262
92598
249659
1136703
355141
209479
170333
294311
1067683
929840
241601
363968
316913
469960
1635080
1271794
1634836
682549
2129402
1069509
1716156
20128
462648
1923375
15939
1685353
321218
1774165
485447
856515
674637
975919
20142
734178
1289037
1242422
1158684
2279097
301283
2540131
1611483
1302920
559435
1019957
175535
37690
1172109
377853
657403
487508
159302
1299837
250205
56560
664507
693234
535466
517553
1303618
877819
962031
853881
141684
1671739
558284
2431231
2968250
1407841
715862
1305827
1021659
714223
1468176
527275
68296
956320
637166
241583
1195116
827819
423631
1126072
1133340
307149
2203358
385264
1133247
2335372
946732
857050
34625
1962462
59573
683114
512802
1040112
789685
1247030
181054
707371
832813
786323
1474178
77273
978687
327652
556242
534702
840522
1259253
964641
1358058
848620
1690606
1858358
1347651
1306490
2425867
1212959
1730344
967846
541839
872861
321385
835926
458176
794580
663675
226084
1225685
1003926
959232
995294
388468
1125459
1487627
716035
752896
949799
893833
2972863
1218423
849863
699620
205773
710594
405426
467850
2306191
55180
101528
1196787
2700820
1106237
706706
1365576
1826670
470312
1487430
610023
1696597
1400584
648829
700780
201861
877106
495723
997810
1396376
197419
1262818
16095
840553
493473
403579
333766
223374
437151
780682
668814
1434904
521121
1107782
523417
154192
1038831
2030874
65096
1936793
982255
1646707
792258
723685
285243
1998446
619131
1315390
273465
1187813
948506
77755
924016
299903
1219259
989796
140159
990361
616732
42859
124561
1176924
687516
741072
801173
1853413
996774
1502585
958290
168275
846612
1305970
658879
756920
1115286
4368
1013528
540551
104058
2272869
268084
744799
1465358
1126760
1329852
797722
1413354
1201132
808445
1938652
868402
1934689
106629
949635
251551
308532
1261684
30672
2460869
923112
1808593
633687
1336088
1758455
186822
291665
927696
147312
1125806
15651
1043604
1493398
1351089
757843
1757020
374777
344602
2902639
553783
844796
244455
1491329
862931
1055788
615335
255515
1598115
1868609
729002
1392260
388931
152379
135641
871652
73984
1866819
95950
619353
1808444
1129636
644711
545535
774678
1111756
195963
1498877
1766958
1722029
440950
1439066
941326
413618
786889
845604
348684
186599
165378
1284641
1433653
686993
1779683
378748
1388940
2603981
785174
652533
1059257
731121
655333
545613
593702
395109
123887
680757
956234
779365
244318
525563
371793
1284029
293597
595896
1816507
47592
517967
213408
2388361
738638
295491
1236879
2076000
1892385
138763
76309
721260
755643
1165715
1081158
298574
35455
36469
2734185
1352985
737489
953651
1641603
786750
1421628
2027814
1990919
1639056
51239
50619
952708
186379
1637884
1761669
1667346
695734
159902
875637
1940995
618960
194381
633582
730219
1929935
966048
547292
623380
102571
1107335
632780
1813544
523682
1890660
1394334
10691
1873213
546316
789183
1474301
1360409
1074790
769691
2276890
1429321
922504
850967
23478
1374335
2061714
721925
1570840
1279377
346897
1288376
1490553
240800
773881
827070
967225
1452733
1287174
966485
1214855
1462157
2240376
144541
1070003
1928052
426578
709589
788122
546166
665399
548426
1307702
697665
1275881
1291410
329799
1234511
857894
342814
1135050
750288
98952
556181
1909884
736780
913985
1330757
983731
164366
915064
1398907
1342818
702310
1824588
3006268
942382
1535822
1416747
16852
1018490
613524
1651061
1106995
778548
696447
810235
46528
620482
701747
494551
427629
998421
2187511
1472752
1027985
42352
283647
946548
2113628
1620476
522093
29529
2379116
994196
1179768
602521
1617638
57328
764183
593713
134600
959833
2297727
598877
310147
295376
482000
367066
735950
628643
646743
806657
1982717
725845
1284085
1365604
475416
278384
1102149
603407
264623
1231282
1260483
683589
930579
1413018
2098128
1685309
233448
904918
860987
112865
843101
832498
413539
95658
510694
649511
832895
1156930
651560
1297573
192294
1399838
275323
876166
945427
577247
1256214
1460665
303177
616557
340875
1953073
1517214
2087256
1823324
773328
1244474
2646068
1122381
581306
844711
1775127
317504
1279874
2084939
1025368
734278
904851
189784
1387439
473787
1250501
229358
1126253
794290
700357
486943
1161023
987831
1957767
389433
1927307
60028
953491
49609
2671118
369650
265905
2463298
127992
12033
24250
2148294
324911
275867
262949
1808772
921700
1447250
1821394
1053128
6845
2305937
558815
302361
1232839
698351
1305965
79524
651390
296391
1247958
1801887
1344932
1351917
1340149
1103568
90818
1921699
579834
645108
1080968
1166962
720081
1025508
155396
520955
1185334
839450
1252073
453236
1716639
1449818
435847
137591
1518
1425716
1940138
101374
111418
570318
1680697
1137555
911617
2416392
1438804
553579
277108
882367
750738
1008922
520742
824379
796189
916425
535291
739661
901332
444652
932082
38425
842180
921880
1081558
341338
382283
815354
557743
1253227
758897
1410602
1848360
633162
906892
2709093
503012
601439
1043544
479969
1328394
1700547
588697
210115
1474835
1226789
1020245
429621
839700
433070
717146
1171419
655316
1012012
1650192
111691
1101748
780692
1258499
704292
1472253
858570
253593
567263
804787
261571
863187
598890
1961501
693362
513995
1154364
1639573
868487
928914
1583594
509594
40251
2465324
907903
1113976
582642
1377169
1468146
859193
681281
295978
1110585
14899
814645
518092
176866
488597
2319612
1994685
274762
779735
1607749
1651370
312079
918438
1532683
380650
1381767
1101072
1516792
1661402
380987
418394
553484
300765
1442742
54404
979621
1430358
276702
1444253
656642
3374572
901357
2291697
651080
209795
1407009
638899
233934
572250
161943
517137
1196860
991661
697118
510811
1466967
516528
96463
1513080
347584
505965
351874
2803661
567427
106148
1470531
1711058
50164
922406
225452
354875
1658971
1475605
1379443
751144
202489
950722
975339
283059
1767116
134827
319473
47452
372853
1132568
718308
992473
398465
57338
1839999
281255
292909
922759
332043
120304
1157835
256670
680565
1204992
1216426
910715
1550886
735185
1000154
1585086
97497
368502
731061
502310
2116014
1171888
534114
1571404
1467525
943059
2266715
1149990
1963726
433852
265559
816738
693188
1417786
567338
803684
791778
1306750
1178033
2319110
1183382
1995177
229299
193938
547289
318872
1290025
144101
674824
132118
33415
994539
101749
743303
1447995
1284026
1882110
1416020
1381818
1122677
728518
1301024
19939
20295
789482
253134
611332
761280
765875
1261781
710945
1281976
50514
93641
443547
867079
524626
1114895
751798
940806
302830
1043813
1096123
925805
959787
893395
1114340
972720
387304
1042170
250751
115167
284570
992448
1684754
1567234
782364
871358
1428806
1116695
841802
572494
597767
25169
630966
1444828
1064591
976694
1212699
1457904
51307
1306492
333559
668157
1790877
138119
1440510
45969
398665
1092811
286001
1033250
241941
537090
1062004
1804121
359440
512785
1877766
2239782
413564
99621
382419
989960
563086
329484
1739086
1204095
870394
50715
1591778
419960
1447316
1981443
676814
874364
1236666
1855383
431449
762365
752086
1357254
193026
1847942
372360
1473464
1180578
1401447
1174697
78320
1255093
644002
2422770
1649190
1339547
639645
400291
1272806
151877
647724
2388648
761073
849362
874402
1292127
350264
616864
512604
1390909
746040
1395015
1518931
226359
280541
855850
350948
1253668
227838
925614
1072357
1324968
1480186
765845
284526
1502805
492245
269388
995882
622610
1747898
2428647
1161953
32710
944598
714358
68171
484054
412406
1019481
413755
569234
1179621
398806
1541134
501879
1414797
1443059
614743
691606
352784
1361254
1167024
1067418
286347
1275569
31591
1649584
1257168
2069619
123818
2354311
154309
1040097
52825
274591
691301
1253884
395343
1237510
975001
876803
1709108
2079750
213340
685969
452490
932099
512977
1255017
965595
738953
1409578
84469
720707
233003
411840
414230
119591
901135
995889
852924
1218106
89422
989858
885151
696688
129535
905401
1760046
64649
1206843
744414
1291597
71619
736900
615959
1289091
718501
888327
966022
369593
2721324
1450793
280648
116390
1763196
638631
354612
1486255
787116
1464638
594293
411380
761910
174258
1305549
1035468
495170
1808466
368335
468538
484566
542241
1041984
1332033
293477
153336
392787
184154
167033
1120943
150759
791822
1346278
256867
162150
1221831
1344084
223994
1004771
174536
405649
2044906
590808
13509
613465
190176
772643
916757
441867
182021
709092
965323
591442
750339
1369436
1309515
56276
731502
897004
938945
1205603
1068167
437296
489589
657797
725538
76608
1127747
1211946
1393263
547050
1067631
635634
772734
1095958
677724
745664
1060132
1129503
1750469
771496
781635
1023698
1343373
878840
519598
761997
377976
348206
80403
991166
532356
1516990
1370
368798
465946
1319078
739186
82033
604486
291096
2097811
181957
1301037
1374987
1367398
1842123
343846
216967
1588170
28030
801481
57235
1710328
336630
514795
1837221
301326
1376720
1072564
443022
517618
1762341
1053679
1098919
797813
706412
684744
269060
1430399
50167
233403
632379
287314
342030
152497
1029305
1431727
948723
455597
540617
1657309
5146
1000620
406890
123249
629612
1452883
660245
2371823
1335808
251562
1927920
545559
787421
138190
1200314
370052
244695
49259
585882
996886
1124844
798896
357774
1405656
612323
1251364
280182
2301444
964778
941183
2588963
893066
223058
1889531
738056
68856
1310448
1844272
1263299
215581
1386905
297830
1407664
1445678
1435714
1200973
150674
320882
188410
701424
771014
309890
635022
334096
1980911
869680
227744
111189
1838752
756017
299852
219302
1977841
1452669
1318208
858625
1439529
1850812
765598
1350894
1150412
1275139
334744
1485109
257610
797860
270767
1054200
36972
820365
1021842
1939459
2466948
499439
1400503
1127463
254103
560039
905440
456238
1246386
87554
275764
956080
1084174
361666
117120
756427
226185
832262
1271025
1298393
658796
1071054
691640
2374915
536634
1068708
1407714
1142779
1290020
1061215
537594
407055
432046
1685930
1312452
2981153
1842245
745833
1057823
256763
931688
711076
903168
429191
1314711
894469
1362830
275652
445509
293540
1019495
1261757
822846
270282
615702
1394651
1932605
337595
1084309
277922
85653
50741
1956014
1384609
161537
188541
855665
995690
2039571
668514
389690
992809
1059934
1018370
1615370
1126553
187848
534993
2373607
1210681
995831
1536032
1006138
289990
279295
993859
1231405
1658890
1818702
313619
573030
2021785
786204
1333979
1040587
1950116
1282010
608918
971034
557358
1444094
896062
974092
1355683
540688
175112
1103119
1419504
601180
30291
646855
991766
614461
252041
579528
1511648
1357227
1638404
508953
742939
424041
653850
1388623
373804
533269
798652
918412
1144005
314068
2048289
1261659
1237433
913281
418184
114194
949046
246107
472259
877708
1068666
444848
2360759
1993417
590630
957394
640808
301963
732247
562077
953275
591415
1264987
196906
1072475
820365
402439
495227
1231462
396653
454575
970123
461480
1137264
41303
1206329
462733
167527
574830
99993
342718
1336923
689826
2384256
1483209
35305
735509
1467154
1045259
893504
543351
1293554
82482
844162
469589
2987949
653123
678012
433335
1184299
1374435
402315
470895
369403
1595321
671444
618484
1325922
634905
270695
904310
599560
481349
271897
1085204
1972231
441460
233827
981232
1483161
596541
681443
874476
1473893
1362261
2172214
87030
736686
582909
1460568
2780998
428352
1026944
1983393
307248
912000
1884064
60741
560892
530231
2261304
928367
799419
920515
212004
1778690
1067451
446914
217094
313844
1006979
1705636
813866
1019057
2089378
1426387
230578
1027184
1661321
379850
7893
755101
36897
75768
869800
933356
1031519
1478935
707175
2149374
1907291
60757
925973
519066
584616
971206
2974248
127122
1165381
326381
915017
251128
850841
352973
614047
611683
1525157
1582488
1630643
378348
735835
99515
1326615
476615
868372
93421
449481
1395239
577703
676794
1456988
1170266
735997
524056
1842110
230661
772777
1268461
377244
517988
773373
754403
803658
606794
453823
738066
1374439
491960
1428577
602704
1673542
1758853
958520
2054719
1523280
837970
439372
626651
884429
2252591
564245
2179463
919658
969974
751183
1071067
964797
1216427
486924
1073173
1069548
313878
100751
1126593
591860
1810374
477120
489038
872878
1369675
129539
597142
458388
194295
962987
1805681
618890
726265
276595
854239
731489
1369215
129205
474169
531389
966254
1137307
99515
292255
1491496
656090
716760
627012
1125667
1793767
369570
27701
600649
461545
672573
1297377
1499960
833781
1439719
275500
337246
1316352
705165
2080276
825626
2273815
174549
74417
566707
1122194
1426636
964322
622239
374446
819316
1424463
853657
1939745
89268
1125777
1921670
194032
164036
913879
1153486
341989
2110715
116458
556922
250852
182014
1712377
967800
726596
1515152
748951
999279
125250
30073
190760
1130664
1296792
1881372
1136740
153251
1305396
906465
973819
462777
3475405
514564
962302
1992476
1236856
190048
265159
1334737
771329
2132964
1470199
1460207
1955772
880921
1257158
667358
1653155
1556052
309633
1597909
11585
1219750
587988
440217
974196
64710
1824015
1233878
680026
889119
36941
108101
854794
123652
2194968
1340322
1616842
1348917
1431440
901775
799368
358324
36372
239697
889738
754865
977856
809390
1389608
1532183
860349
1445545
986113
513209
519871
1093539
1174642
1457572
471855
839574
1418698
720266
616626
1650520
874146
729552
1100009
87666
946226
89053
895584
1117507
2263111
1059816
400939
1885853
208984
1590309
411635
788835
386079
291667
358679
637253
1358796
1769133
1839414
271136
1072893
1101812
512177
333790
352946
549885
637653
1554606
529412
102180
412543
679497
876700
1544917
504161
296682
711945
591643
223786
1640080
1723636
1574927
2046219
1150234
141845
1860710
1284060
1292358
2182352
1675680
11908
1431599
1585026
229105
734112
928010
217916
650997
314628
1013860
318298
810205
667461
153891
550452
959800
422016
977247
1413339
718953
1121372
836132
782824
1299308
929587
1209230
804950
10411
659862
906888
72727
322059
2235607
1474058
730220
954231
370216
1034485
122069
1110606
1146377
410998
254512
995606
692712
173596
949287
1758180
1487049
795070
409801
722830
762862
132502
1151682
767095
388152
301723
792973
934431
242484
1128839
1474991
97837
1304281
4173
140199
160098
672406
975517
735946
674531
827793
675230
1172499
535338
849619
1658576
367295
549074
1707048
1016420
1721758
1244358
683178
1443010
1285548
1991885
824166
1026398
800679
426492
102911
328895
1485635
488800
1175511
164948
778273
28910
637685
1052732
2523589
259025
1271880
56346
1293423
1413687
1794770
761338
19977
713569
1771208
986381
19942
1436621
325886
78500
792276
184330
801481
885970
34479
881312
391653
914091
685694
298657
182749
669180
1387779
781431
1756305
456559
1062228
681684
902074
746726
565295
769144
988945
763352
1293265
1308875
1252758
489747
1525454
437536
1770294
1619447
1579172
444233
1014316
150740
1079058
1131845
463441
1485993
112046
218251
1485815
651457
101084
1062394
942422
1084755
1068130
157255
1734642
469213
1731647
168330
1325725
330597
1759811
1301837
2130046
60564
1248514
601562
172028
1614137
1318858
2124615
126141
1039103
974459
1126313
717999
339923
625054
2771547
116112
1016126
1745270
1403186
1003537
766530
1379898
767463
1231357
412923
723404
652551
2441729
968188
1286123
406402
145900
384012
1102061
35894
18654
1393284
583408
651712
1491558
120368
696407
957895
1300587
1177895
512506
625485
309333
343183
939197
526907
1177965
166809
197002
473711
1778727
1553149
230242
1011405
1097481
23450
1890614
881351
1018156
934358
870395
1313778
451591
1242934
682948
592
715604
1083586
1108722
266907
1436850
2211647
1391789
1358364
900178
1420945
2756446
116241
1341910
308660
1841149
956636
68316
1450014
144204
2681847
854369
920764
594382
350232
1275881
319726
791034
221226
370372
259209
885105
175762
677810
1081521
318967
528354
758255
979384
479173
526694
1635379
918399
712324
1325584
735513
243150
658430
367722
1087272
300410
650103
988768
756822
2141084
719136
1065200
224752
379281
1285939
2050040
848479
897818
142690
798338
811918
1620506
695506
32086
631023
1068974
575565
641508
1819811
488117
1849468
99381
260385
739269
2477019
1267509
2477238
1066798
1155470
592806
826931
1269719
563385
823884
358253
372762
773269
1260729
1086246
1885286
316709
1279966
2334002
1910968
1131184
1395509
90108
554845
1304913
8565
479024
590608
614802
1309562
541402
752084
754687
648824
1052531
826582
965406
1034373
998884
1321481
476707
2182984
381676
536902
366857
953354
257092
743175
1309477
988832
324363
312903
353948
317946
260324
275937
847069
994355
1051076
863691
867793
977181
314704
247446
1281878
744720
137643
665644
1780626
713847
963958
150446
1443116
1939360
894520
1201488
483262
1159206
390822
2141338
823886
551492
176069
291076
1402339
802145
251699
909110
694365
139642
2767755
17091
1614661
1247737
161712
501161
1976491
1503192
1014954
825166
260535
886234
938964
620738
1497086
293391
875007
723252
1123965
2276905
1166615
962267
1451020
712200
1446315
768939
1262385
970278
705491
883608
435357
1182472
1695923
935571
1488347
868938
1102053
607527
1348684
732141
855291
3925304
2122072
575624
1763498
927328
83271
394289
68267
1077519
179605
9199
275779
63653
785803
246278
1992683
237558
71249
1076005
2232690
1992866
160393
379639
615398
725527
2356319
1618380
548859
995053
1459268
2009227
1160587
1893093
1803586
536831
3002404
2014342
2379697
18628
1611240
2169564
860304
846068
30678
882870
665334
447354
143023
632451
547696
561978
503163
978194
345293
1319395
360754
1421068
1608732
1955675
1041214
184247
1195295
1147502
107622
885457
1500960
38714
360687
1339598
1466538
16354
1430436
1836440
549914
1564885
1272349
657897
1591867
184993
552132
900014
538361
698946
276346
695330
324149
2016266
532353
329773
1852415
369780
371675
1036225
392073
40401
567384
1145369
817823
390901
619990
1154902
1958364
1184359
1621673
1633918
64352
825932
409827
490169
1023749
2019831
1092053
77138
627321
352056
33532
1334640
1191181
2046150
818463
792663
2958163
1303601
23645
243399
739662
1513457
894701
689592
1467883
645037
773061
18104
1080085
1080496
1439172
166730
1539501
1186871
143700
1072932
1220192
905464
1461872
1766091
1024987
328760
1051692
1191478
4289
800019
1490394
747365
1693733
371920
3825
778277
732026
1522665
958896
364171
346063
990364
826953
1566193
124608
1945017
184865
1383801
854030
859729
99357
245156
1019416
931487
1347487
269750
922188
1902974
627958
957489
672381
1359663
1057756
623732
226496
1640236
468161
1698807
786201
1941334
412014
411373
1782583
487360
804205
1340285
1305128
95166
1452332
769606
698127
739670
850120
678262
654265
1702345
1817231
736558
2672631
757318
147526
1676541
758862
155539
1292978
1624415
1015569
1017057
1644763
1682905
2855063
95476
279827
822618
665840
897587
1749245
822584
87259
763674
123793
1533230
644443
176290
562659
1921110
1403088
142866
603948
155152
1424201
1248780
949385
41718
34302
1001406
105256
1239778
416995
485100
1762890
1197510
1259168
502142
692299
637455
1182822
318899
579941
737822
948484
508522
607259
1340716
1332255
229265
950522
1528736
1056071
570421
1819137
653047
562285
592461
1421002
1004120
2281754
1525514
1463626
1245882
1351363
831463
566331
200604
28544
692785
871425
175687
526436
64028
411666
419499
953934
1632010
1121079
267132
1219238
1921248
268183
647472
1389803
144719
1537212
514175
167344
2270627
374486
2206367
1449358
478580
218531
1338690
282588
2167664
12729
1075861
496260
403081
1536515
19327
1089559
1664648
742863
375195
906663
589333
957009
1553563
979164
1007817
1842152
118402
588104
535163
1180999
533189
653693
957964
1249815
1129799
604647
2921976
1341697
300406
1906299
1899585
893776
1018511
787478
847777
1288859
1091218
740458
667892
1498664
612906
248826
1357416
1372436
469348
1287343
1440906
364600
471794
769194
1031254
1826415
1072260
53345
1106723
66843
1713547
654383
1809041
597198
1383795
2436812
167160
1255820
219236
642051
633078
962901
2016188
1084938
705501
1115882
1035635
537363
940415
59246
864788
399144
669406
452980
103388
795614
821500
1439200
1889241
1464712
15364
671661
507433
2317043
913916
1679894
32405
201818
1201264
1224986
1048337
1165303
2048388
1603967
1349946
711746
642845
387935
629716
703294
1155605
1078313
639782
698038
1051489
808647
1194491
804942
797129
850949
848191
64605
1253324
1166330
492955
1524352
686196
301415
1982294
384721
937765
18244
309010
297887
1848422
1298019
803079
2957407
598706
269397
172327
418215
1186759
985106
1608598
824130
414800
739581
362989
1023271
409848
716267
1237746
1301452
840341
361900
790943
960992
1485815
1096331
1199669
1025630
2261364
1071577
1317923
328293
2365625
95279
1234688
752428
143031
153048
1265449
564538
466960
388213
845985
1321275
950373
765762
623564
1168661
1636166
307327
488207
298978
298269
2653169
1086351
1049729
96574
672111
569195
571885
957527
174210
1842336
2075382
243769
883981
1206528
1872470
669225
893970
19830
541859
132685
1149917
576578
577258
803486
23235
948021
1784517
1463054
691434
578225
728523
1686366
1047541
472424
58349
1283432
815743
999990
1367113
1294220
1269005
815460
597215
452801
1776233
806787
319944
26178
420625
320107
611662
454490
1117815
1349430
504574
1161750
1430698
749284
597537
512877
1262363
2307509
6290
247446
164674
430246
668370
128431
974951
913106
608063
779022
291621
137293
1569898
1343118
493073
1887206
110575
406591
1092961
1870754
398279
789907
965776
903000
161441
311208
844102
883734
2321943
656959
1138332
742774
975588
1651968
2210374
342117
1747322
1214160
863379
819641
1658202
13337
1159478
1073814
741797
530140
277967
700644
174038
929629
2082092
921303
1706170
1078355
451473
1249861
1129759
1369555
284448
175333
471921
235712
2462811
964305
848588
885689
666540
25857
1435635
814790
676846
2140106
992615
885513
766797
1741658
1574106
1449126
211408
533754
2126858
963511
546080
1027112
813587
243799
463145
935512
669797
1856528
1022790
1843629
653053
1349163
137378
1600225
1698487
1686203
726433
368342
486152
1869231
1178853
369118
368849
1148474
227541
272918
809623
560425
684768
60227
1806551
1560681
1843624
718320
1115262
2221178
401154
557
393439
539548
640323
18956
1312901
237692
1195773
694082
1145776
557636
1560463
996319
65412
863748
266340
530419
678117
1983433
1428218
532711
875046
241312
1160779
738204
465448
1378191
1494800
1155307
1274183
406937
283370
264161
17944
83828
674595
210557
486935
151409
1887994
163920
643972
981390
360004
948346
562293
1013060
937398
1640741
22446
399056
573864
1049575
1195125
959081
658684
1026368
356585
1030789
1212421
528820
1238747
635216
1283467
680047
121916
445010
577299
198396
2085373
1391492
323811
2241833
926750
639639
97259
998465
972870
563465
722889
702350
504889
84013
396716
416883
258574
1016254
42368
529739
28327
1863816
196786
1626473
638180
676250
943985
1415667
628952
1131700
1709117
57764
1011845
856530
211877
4998
1619947
769466
1177617
2948306
1907107
149168
1487303
1384333
1614865
209435
792657
407079
1644895
2126107
984099
1513210
314830
322322
1402947
1176612
1223215
244084
387722
781898
744440
1112405
1293327
9459
1453786
113654
1838124
870853
916854
611507
1193601
21863
8247
336052
242589
183483
506435
1053942
2381987
220447
1384723
494909
198545
1393832
280521
690945
202180
629634
103272
2461082
589408
1156975
505575
1206833
1422805
419107
1004647
1203597
992580
634689
2467436
1440191
1718471
277757
977680
767698
1396630
806646
306298
578586
187279
250487
617557
332576
499574
453681
1147845
946352
2466914
929247
1947132
897160
727488
293663
1898994
572549
313210
1638417
1843386
323379
217240
1004087
847193
770232
570607
1091472
192377
2966150
334816
401850
651203
1438820
915423
2098282
181139
1320992
1431101
662290
793485
816923
1984456
672119
659989
549465
1096182
284181
1075268
1594219
289450
495577
1376574
1161155
2002357
692130
1239944
2030268
682950
187772
780638
251275
583429
1690754
65770
946382
373121
1521718
1063608
1494392
1367891
1252358
1744206
651230
908642
159366
844129
864073
15886
2679438
647370
15393
534673
562168
1405087
1353978
1705671
523807
651205
1027206
394167
743101
790411
2765822
789778
400842
824442
788342
1339393
199094
2042032
1093765
690404
1725162
659411
2493750
1474877
467240
2383146
1312598
951028
380485
20591
440162
392667
1700039
606248
401492
1099930
535785
1400893
730546
910286
21807
430380
2233531
1218739
451758
1702911
826871
235050
992997
1494407
1333314
766076
305465
1378729
822205
1204036
876953
1178973
847290
11795
716982
2806432
897482
1178069
270245
334887
218892
947130
622076
581212
978236
1655352
1033294
256461
643069
131444
653964
811782
205229
216487
1799648
750856
1173644
1700870
2178960
2341851
90257
967875
741941
94215
976465
1179672
1248830
1398760
1537013
843754
1121933
461863
1276639
831858
205781
326573
1502496
1259839
1337461
2029178
2344897
1065920
1014365
721595
969076
886567
660132
1020193
425247
348207
760970
1802326
899117
43302
1279671
596338
800185
916847
1271160
470420
1256799
1172391
374107
1629620
183208
1972303
407663
1114109
811770
2003505
272962
532799
8547
745156
86975
1137385
428584
191443
760875
551901
1407767
473699
764035
250086
556269
1430042
833597
427308
19084
1015779
428033
1730224
1897060
1005046
1830186
176026
83525
306717
1257158
729047
1359943
1830586
1382799
1450888
1362014
1092780
1995949
1060829
1650342
1287321
1843186
1209960
521327
259022
198648
513462
1115949
1173514
994241
138592
66982
2398050
1291124
1018630
1062049
781381
1185432
1680901
1271504
573896
432919
842439
1686146
1401188
730042
785377
1536847
572388
970948
723938
173705
76804
871221
880206
726467
576060
1287332
1364274
388489
598274
739489
667961
602181
989846
867245
327333
746385
198655
547039
1475169
798149
2587355
480382
835515
1309127
116925
1443581
1413814
64530
85432
3473119
739269
209772
878688
707120
1305883
468849
1854904
1230116
106183
45886
1383151
1335895
601797
573475
161196
1456393
444951
1334735
715025
1518173
158234
1679298
2085284
1107926
1138268
945042
1248145
654005
477555
413154
110995
866106
1456273
842797
505722
1528222
2109563
1110675
934703
866995
166112
1434598
2579644
1955424
1142703
824732
339951
1183907
157448
324218
1171654
1725484
496220
2115264
806893
992763
167513
1757791
1019050
610462
571652
1757148
1034946
324850
903347
968935
655677
202397
1406778
708774
1877549
2338957
1717995
680799
1021077
856984
1746274
1127021
1395181
834104
1591014
240267
128298
426921
442899
1440958
530082
1985545
1204316
654794
1261718
1236692
765686
303644
188273
1158595
132246
753783
726741
1421800
524260
881157
379678
498831
874993
1519204
1175014
316091
348716
347410
940592
178147
1978842
1134975
1981225
981264
1508779
375318
835505
1151741
445745
795184
1642464
851699
828179
1351901
2476684
306279
1082791
1056183
380815
827450
858950
1422125
2014893
1287988
250528
1250833
337372
299205
894424
898151
1423717
766912
233906
935507
327312
414301
769233
2164741
28164
884691
1110469
1594379
1309940
845943
863720
311260
801150
811549
268177
1076485
982069
408593
808906
38554
157064
591801
1685892
571522
1237090
1091858
1438066
469703
938904
234444
1831162
54849
816138
1912140
639023
1395015
105544
1469894
980291
1359321
148287
522172
620962
566612
618772
617310
62337
1134588
430581
1294759
746877
867431
783897
750265
1928424
980308
1162372
1433085
948517
1495087
1473237
1902882
561149
885351
2091651
2378457
1383986
1393463
1850569
384498
1586744
1583605
66476
1293661
1246027
253347
180122
1127336
791555
1205143
191355
437081
1327403
679985
779916
1309008
1280057
1009505
1784911
5540
236351
1914427
859911
94207
1011272
325664
1058311
788063
833702
1619730
52851
770035
1062544
1709755
1794599
1210616
1108688
363459
972316
1669174
944482
1451732
849233
567843
58592
1687188
2333295
2327355
876290
1649127
571085
801089
681291
605414
1631835
628990
16582
517512
1687747
1447804
913079
130419
985586
303878
1203510
665864
650940
278567
1204766
826544
805862
1224101
637354
67247
391909
680097
1354601
629963
717420
845013
288368
1027585
21964
603730
952405
663021
1099037
1064667
789188
1837883
313410
112266
293170
1195895
232753
1760295
1482774
1836662
1963160
1490472
1582239
340199
688995
558384
697608
227714
855298
203759
836432
536179
117265
1569339
886702
2672267
287704
1700817
44617
894187
277241
1555411
517165
1264566
834928
1317511
1311841
925530
919133
421169
955325
2259907
1960262
363381
794529
675300
231328
137940
617160
1205163
1811477
1201769
64386
664232
487656
2025000
27497
1271681
1774268
613499
389715
79997
2171066
33282
625742
898996
894106
1020557
2209906
914296
372386
1078208
65783
1773545
1089746
2008939
942894
894211
933097
411596
976917
577572
686281
262731
1133292
1146117
390941
169496
271692
853951
1042787
218988
1218271
920127
310286
1092738
2557042
1460560
558731
326073
1489935
1110380
57131
1630097
1264751
519014
67177
790214
180596
298591
389258
426804
1322716
1294091
1017578
929968
519512
1784391
235742
1791208
1721444
1450530
233948
1941088
463353
408301
542591
1902097
679398
840104
445327
165991
508773
1024274
908390
1042207
1126514
1182741
2285526
496002
887933
1404597
526350
1683145
430728
1108411
330628
343414
1437908
2663082
191317
1775187
823517
1258021
801360
554579
2062317
742850
824698
161739
182518
1641239
2317010
968211
2438017
757000
2116893
966662
775307
240947
2342469
117819
2259991
794848
656098
1079910
1220518
514576
683044
917911
934218
1298025
1437615
43926
2077634
219811
2671853
1819489
636871
1168283
90090
843979
1200333
944377
152993
1359993
1278317
902504
215645
355779
714823
1909946
58274
111661
97965
187101
29075
1290792
795937
518247
663316
185297
889288
535745
541880
440716
440671
1187578
845566
1163814
71220
999123
131453
594157
805239
1731531
2160487
1762325
1192599
1056623
954834
6929
48049
550696
578938
762451
2866026
1124968
1335914
412522
1797190
1344986
108003
656542
873176
253389
719996
451506
1619457
1437189
890255
2114365
664702
1411239
641501
478798
844481
328167
774608
133443
171081
76312
305031
280653
182102
376951
339096
1631371
713404
1319932
110486
1089672
897088
1065767
370586
511195
894760
1061931
191686
1049219
1412244
1248129
777293
890532
502642
2464499
670391
84297
500759
473131
1133385
505214
171825
1069344
568874
652082
1194465
986853
1355464
1458703
1098478
582711
96961
1717183
977660
626792
612775
1627012
854050
1826772
1453155
33179
1569603
919080
677283
148053
368988
392914
290583
420538
1809444
193042
8061
201380
772954
765091
990213
1017373
1331391
828941
1232887
682269
1296331
1422258
953432
298922
549061
1312891
343701
920533
118932
1436903
627231
719927
1671290
232568
760893
934766
524329
224226
1227336
1298942
1481781
1000984
159448
1397711
865807
1279292
233381
268040
1233115
409835
419151
1525839
204545
750476
599303
302214
1381544
1115227
867088
240426
190153
2031710
1198246
129138
1489831
953867
1115911
296361
525699
1519804
98552
195313
890357
866969
247686
2249565
1179902
563688
712757
1603954
193122
501756
2352286
1105026
434331
1221855
301114
701102
297968
1450821
1459972
1391903
892621
1705270
1438884
406472
935475
278975
1382094
126819
715543
476703
1152945
554413
1187600
463633
1135348
524872
1463282
1733283
292451
695988
546111
444538
2307568
2554098
232613
1244231
1238621
1982878
630314
368147
1557502
246608
367531
1233707
574596
1306934
357068
1235087
633053
538040
1932338
280837
682976
530288
873972
1265469
1211245
657357
511031
725640
1901689
54637
1351647
627363
973488
1350139
558635
559074
619995
1343347
1532962
1202659
103881
1483576
1410929
518392
672691
2447863
136862
79192
2632544
137668
1874014
609738
1338000
1766422
80938
808824
623933
788840
1267416
772404
454916
682870
993934
564978
956361
945561
671385
1943818
1048353
3410760
296451
1456751
393042
1415669
694858
748442
948861
1057032
1445012
149172
1132132
293411
1101288
1017260
677583
1513530
803649
838141
1003217
1477045
857955
637443
720304
16717
1077271
1392003
948490
728776
306139
712668
486459
1027674
18009
374933
673571
1077889
367650
262700
1987694
39428
337083
278433
912436
642033
1259197
2049605
108679
319896
1848386
1227434
222163
114512
113347
830736
1443912
133741
482919
1246066
628732
325924
829117
528755
70868
2224996
403377
1612624
1096202
639546
389637
49259
609553
990088
1125695
1983161
865756
764713
438535
514385
62981
1108397
1680668
689882
1467250
529365
556036
859960
536730
1183827
878249
1052667
1102733
50889
997611
2178284
877082
639491
745527
2149212
490963
790874
944222
75283
1135091
1041967
1431658
892986
871336
639785
222804
1193582
25429
793364
537177
164554
1930775
2542464
976754
104983
1435600
235034
1050825
1453594
215816
1876242
214577
1803203
1132247
1156178
214550
1762038
601352
1888094
469915
574495
1165312
741621
607371
921567
695653
49259
1358702
1095062
1868290
636970
1954693
220180
925872
10188
793817
1311816
477975
2178239
2309236
1784236
1536345
536125
872347
1252467
2862520
1494189
709979
777336
468311
556578
718663
2312141
922788
1112759
1290636
549764
152638
2893549
1661187
598949
520058
5194
997453
1488886
1378503
1307255
2149573
980552
515962
2063197
1028982
1357964
375277
1986532
1207157
637113
1455273
1968465
1975217
365760
836619
85154
1582318
791254
1444907
1378416
412505
28614
1272575
74441
1074782
1387833
1309095
503568
483260
616970
905579
1376923
1691490
52627
125959
2189616
1814170
537782
198191
1193764
193739
503921
672309
358425
986981
1114857
1276496
2196762
347292
789241
485440
305597
1221087
80415
1394453
73692
1371338
993836
903734
1110617
1777215
245646
319109
188534
639452
426660
1394056
2384373
853325
664102
204331
763929
81545
533014
626986
756257
394274
1678831
1696819
273766
1200989
597392
2202736
659481
324778
1535981
554411
148930
1004053
711290
665491
854592
1747714
1139645
52963
1278786
1119455
1273624
346090
631847
825594
482360
879886
655327
807515
99333
614226
603942
797781
607150
753407
296097
731837
410840
490823
943616
800517
1002698
346701
872344
777802
257089
762249
1324386
1224656
649555
630128
1200348
1087287
2229642
35225
472163
615534
648776
1087458
1526226
66830
678169
8486202
693539
1644201
897602
2969056
283113
664745
306988
1727953
618863
207004
468756
711559
106807
914100
633114
661861
1691034
70870
1920141
568920
537856
116720
306360
741472
589028
365717
834067
1129781
100110
1972780
630928
848205
437973
1379243
1581031
3330403
1013688
508395
217769
86297
42913
1211997
921830
564774
406558
579553
785412
271251
1226916
1255743
1481445
1198888
1314890
1875798
678939
697933
2296294
534138
568819
1013139
51855
63938
1416707
316537
523319
1699206
1161338
145586
135564
1085136
212395
775437
84787
2157265
805821
1403221
437064
874332
998137
168511
704733
3140183
4121
513771
1484694
869525
838802
141546
148710
1289449
1441542
972454
944081
1162076
118705
1096584
298886
675687
456342
747931
183743
390948
806637
879703
1845440
737638
204627
735744
606865
636977
116950
2300629
843232
1182028
937540
483213
860927
305242
976823
1276100
1467743
247471
87431
810556
1266191
413863
961844
541159
1597853
929818
1424727
591242
406382
739891
762476
1014851
520644
68648
765862
457300
414836
290988
843671
806912
632714
1385479
1861186
836123
583107
1871567
1198567
461639
57006
692695
775090
1515456
1023591
1716013
63465
1192546
1377464
548810
1295737
642057
950677
951210
619940
725759
1968092
335554
688080
162908
894959
1442329
56599
422509
625526
121943
1735183
1237375
489373
525569
1149853
577758
185582
575662
1424228
159103
298771
422332
658892
1673988
626260
2231907
1201304
598118
987056
641043
997296
654389
302307
2010849
725935
1339460
874620
1133188
136691
376808
2335265
1776645
716935
1017927
89352
258908
827191
1318966
1391771
1495328
1417527
1008739
1460689
303390
723576
532187
672620
178642
1209040
518252
578907
1687611
508973
1350675
1308246
473264
78974
382872
748664
264889
655878
1355581
1306629
201248
622183
847327
878946
372205
814894
925563
22034
22712
908905
550554
862363
1337153
939306
641809
874813
510275
210494
262120
1588722
1170191
1402775
66243
1817296
129852
331066
1140261
550624
1128004
881934
186936
941153
8594
739593
861521
386021
1113918
1256129
1666713
492238
1444131
262420
2644176
670414
2301295
475229
1315731
1918018
1080705
275676
694212
764369
1563321
896585
1929425
369261
799313
355229
826518
154158
248785
932900
1247620
591694
2189799
887883
733067
1361806
556381
766986
242684
513036
829356
36630
1589455
617414
2647414
1325518
1591756
787191
1385977
395560
344878
1329076
1986566
1136256
315691
951210
205945
605572
1286039
1673567
744684
215367
805710
1183882
2024428
244712
794744
866713
1107412
1437318
1668207
1292263
568415
665002
856805
451583
127872
781977
774122
265145
2232438
641789
1901010
816950
915171
1532855
984891
891490
382019
521804
210612
1978159
1463489
1675825
198114
818897
411116
1048924
523813
936450
1340848
1970832
829727
1266876
733322
198125
680765
1292949
319003
1110458
487959
926595
987141
1263415
1408474
961269
822362
573932
446638
1945074
778873
288144
251514
2003801
696956
1221407
633771
1239678
1876820
509155
46972
93509
1011710
846533
1605528
1975429
375734
513049
931588
1235908
798833
2247756
701120
1435409
734065
1619091
1484084
664779
1069977
432377
141552
452309
2106567
672108
22356
1129275
194409
970060
478839
392941
604624
53082
620427
602462
857577
488609
208806
1780225
1165906
927820
621124
1260135
1302928
669612
1595441
207008
1414471
1144395
1321067
1653589
1198026
810938
736173
672648
1029434
1717692
1512494
1768048
669076
702805
814736
1338267
1074763
299387
1065246
874409
100956
637535
11861
1197289
1016615
537856
981067
1404252
985699
1442709
921718
775852
856722
121917
893388
745775
1577051
1371756
1848208
355301
541118
34780
2972949
655667
1702505
145430
249251
1171235
1207857
1337668
661471
713345
107045
664221
191344
755899
901220
2006579
462917
911357
578070
366020
1334938
707952
1790239
388356
1764257
623702
1943063
1483307
1303686
755947
1130110
475657
1033012
303522
527253
370507
114972
375394
1703119
1427280
2513884
211684
1955054
36308
256516
400531
1836563
659648
1359356
392040
2379540
698037
33354
87656
363385
7900
979032
1851876
697161
36019
889851
504819
206535
325981
1436535
664567
1322114
626959
420774
155570
862417
2193435
860160
987692
50469
776579
1414909
758828
961888
902627
1912766
1057367
1401323
1571459
1524978
647569
1514669
268161
480541
1980277
653151
26239
58203
502620
835780
431926
1008906
334607
320221
773598
141583
232722
11202
954817
948792
39383
601813
1106212
451815
729986
1249912
1605785
397974
583815
941990
608235
632510
907334
1315174
1207791
1755962
1213351
1180644
1356044
1254098
1020639
667969
923535
1612890
1194470
929683
107510
810241
87420
954351
1064798
695886
1538431
736457
14739
234605
1226578
1428358
116092
1437424
950068
1477713
1427721
543929
422851
909585
433954
908029
2729877
501827
705173
1565675
3345050
141580
678020
998674
1424217
1216142
780049
414953
181228
1208739
1171599
526192
544321
1497295
1014862
1361692
1769495
1468247
399882
12601
1823994
1108920
584120
1314097
1642469
150458
889719
1990481
584859
112650
798680
515699
788936
2013710
575505
1561023
425538
1799771
640396
115186
512254
1927339
220974
476649
805689
1314930
889359
952672
850798
1733591
1312702
1371388
986901
1132231
946102
748496
1340903
396492
623881
784195
1327700
374020
615886
754486
535910
115446
347539
974283
1845117
777703
732130
779498
926575
1378034
828793
451462
580003
1024254
1041106
517701
1051569
730545
1319956
680741
487841
1168810
1227708
188931
578374
183923
814483
272157
620638
1014845
27766
1395744
1449583
286702
832516
283556
211848
864668
1570192
1841819
502203
1015845
798027
1305106
1778811
291135
416949
468055
878623
616081
524616
362721
24506
1189069
1190377
1377589
351933
349340
827475
1071469
442643
484961
490090
89980
1280032
1732386
758466
1291957
1387582
1173544
185330
348850
754332
1060815
21984
1446041
762141
1148896
1001970
1787681
536082
708004
1113014
1388411
734044
290012
2479895
592244
722952
58323
659877
227710
636976
752604
968775
887991
172596
574399
2916392
2485803
1049978
263157
383523
1038491
1478545
1300125
679124
1399175
556580
1797743
322213
264176
252294
705430
542298
157087
1210466
2303523
2052706
810762
136804
1416323
770915
688349
782577
1288249
2760
407325
237191
1579664
975442
821296
1472538
678833
354656
1060322
866227
1797755
2166948
421737
108046
644791
615916
880752
525271
1025074
178673
833273
382922
1689998
1302568
826628
169645
887257
797674
867445
1360050
42054
613546
108954
338198
780226
1992412
820210
1434840
874662
898053
1030898
290656
1779316
811114
1332618
925526
139748
1447776
833037
1103330
266245
242710
1785398
653262
681161
162082
1681198
532797
261632
1289527
1758578
1003119
754830
721449
1425978
1379452
318433
242946
239645
217394
95810
1529965
427320
1734483
1538900
1009860
1189462
873975
138626
1089856
125106
253443
889754
558277
1015041
845419
806336
1117167
677779
1586002
981445
261669
2139072
1848452
82749
1892161
600648
38742
20664
714369
1485371
1021026
142544
806037
331968
649513
1086504
859309
1048410
243726
1308381
1214694
872108
732084
927422
288410
122374
995837
1618847
983817
277856
379336
1080019
620272
551372
454605
104640
1704493
840721
1235775
728851
805747
1146
758309
1561595
2329496
1884694
712605
990428
1992065
973472
1550808
1445121
322351
633063
1092852
856444
1843985
1294897
841248
289522
679565
866562
351162
798743
1217428
466913
2450150
741121
801257
36961
631411
991359
1287702
646885
269527
784657
186900
635237
62924
319995
233180
324790
613775
784187
757655
2450255
1794684
749633
3279334
848719
1278320
1465733
338999
47458
636516
531324
1483373
537835
685514
343757
224851
2496196
1491183
397192
518501
1258472
541492
177853
357027
152154
1566129
1136081
1469403
214760
1296048
370965
183385
418800
434282
296184
1942422
1744075
471593
399429
1293154
839279
1868003
830479
802968
14838
597655
1474032
386917
670117
1916558
736857
289084
359952
1301848
1456587
259905
515618
961801
1549259
1499320
661280
1590167
760060
1676370
11861
975354
745486
1111963
1218801
818823
955164
942027
1271155
1087122
644027
583919
1089359
1029383
672470
126492
1834225
505901
1453726
506135
606408
501759
609478
664523
968614
1488750
907509
802449
974284
785792
2389660
926685
1337931
1036646
754159
258291
879694
260838
1272663
974606
945212
1327981
842349
323984
2000001
1441399
319467
712915
344277
1399527
758533
938675
2232060
1821252
671324
1154909
599189
1426271
904378
148961
1404791
610438
235201
428952
768222
62349
1107078
889273
1330061
801633
407491
563782
612116
1164273
860785
1549782
645048
1366404
1313307
757351
277466
705400
116119
949866
1294457
1530245
456088
1683827
2115673
2744085
512935
317668
929134
839495
1121879
825788
1398010
247496
776223
634441
320570
1454742
44490
827024
501416
879578
1035282
2270941
1295713
1370376
1529203
585428
232879
825277
444387
2161530
1505642
257756
1704326
955912
1103904
1504718
774759
801814
844764
1911678
1447275
243368
1427147
1263989
1484327
603488
1050753
367135
1771098
1278279
1762947
297154
716508
1142337
1831815
337696
193629
1551189
1402206
1226897
587378
1554814
712251
1362087
576178
496537
2459188
439974
783911
172179
984877
46470
1317543
1279126
407228
1127152
540938
1810008
1748527
1320346
874365
1496585
212082
69544
528156
805183
1323478
985448
1703206
746759
1463253
567569
533267
634386
60696
398496
1255016
1099169
1251201
747128
1640402
215415
228269
1801596
773592
1899811
342522
1042772
1085171
1206095
580239
539937
1632448
1449423
153346
160357
772894
1887153
1324571
979548
1548187
800485
2063837
2682040
1390127
1045138
794926
384068
1216788
1409406
747285
559232
729461
556735
628009
1697885
979883
671562
641201
1345629
1329806
1216767
1789677
235025
793328
852920
975164
834935
211437
1583253
1077568
1263703
860358
890925
226597
519874
221077
1105242
739272
1258191
142722
805737
1466778
1265947
143259
214438
466155
235107
872394
769512
1502092
1271335
2015848
1065126
683958
1011558
433528
219486
790287
1228730
358454
75590
142739
728567
729077
431065
376888
996172
2006383
357127
364818
1280477
79486
547809
779293
1312260
690065
1335016
214722
1024267
1720163
1770361
168089
1048591
466541
1015583
1315669
1613756
487715
589470
527206
120776
1053476
903072
1677120
838999
749266
2533797
177121
660977
415881
649268
89912
394
677300
188704
83082
1429495
513155
925505
971735
1310865
1325856
1871641
1451554
677585
253736
1809703
462838
326735
772767
2254035
2854668
137728
1293924
1186367
334033
1134226
1131883
33167
582317
1380142
420944
23324
196903
484466
1240912
689315
543693
958673
2666332
1004781
32472
145
1090863
812195
1289908
1561512
578182
716344
1968677
338107
2838
260154
1089902
646619
179617
319135
616180
1457189
1046346
835921
169384
1753118
602288
295613
1384906
82481
1145950
1862149
1363665
2860877
1479080
1497384
1141456
1704135
1088602
235699
7803
1356944
762162
1061840
781039
375227
446070
1923183
136152
1127255
2037640
579932
529140
720301
829213
345191
220318
74910
650164
1427570
69613
1114786
1395179
517219
161571
2499848
165748
464527
1945035
807022
1116815
673639
642178
530150
759833
1037993
253535
1507085
605002
1056142
174997
815088
903972
1046867
1655742
900388
588334
714478
481018
616712
772968
508792
688317
386019
876609
404665
1865743
1176989
1436940
1593981
1804598
888804
790776
634841
408503
1910245
590598
473761
1826241
918059
358749
1304690
1469747
1676544
989250
1145503
867324
1488295
1124203
2141058
1288489
368955
847289
61769
768325
767086
114349
826755
717345
193321
1273179
396333
646843
1330788
17379
200006
1295300
1768425
28550
204883
369954
444435
292413
100696
972668
1671206
1566701
1303292
717500
265778
279486
456991
291895
1570320
1665683
1024611
615057
587233
1499291
144732
255429
1343719
602670
839997
141992
230313
26491
206441
799861
263215
845765
1685179
860973
804799
890133
688795
461533
542651
1376914
835366
743882
1455297
1007637
2374016
1156464
1215526
687521
1490048
1214478
61654
316312
1938688
2476742
454451
1272144
2192585
33513
1448272
348587
84959
210488
1206131
778958
1999574
1432014
789420
13489
1000472
529058
618173
1373020
985913
1115824
180752
1000507
1476994
165024
496246
1338512
622430
108038
561898
1333070
415117
412113
705834
905453
588459
779433
31254
849665
8996
644376
529839
500941
1184190
442961
643510
1096381
1323147
1085302
1784328
1482712
37394
559324
415578
936924
2305824
965906
1024574
747883
847352
710887
1307353
185322
663709
942994
1661703
2489843
47936
1763412
717429
1065256
506579
533920
527681
1478959
1415473
1656675
795001
288773
414895
1245670
20407
890546
755211
676985
692733
839331
1234967
267539
505977
148703
1235627
1471773
1046687
758425
580077
1485525
985894
415371
1075493
915510
866122
304300
770057
966781
2991909
625248
39082
918287
1407025
735156
44993
666462
1009638
624501
769410
159603
236627
35038
1974147
1385071
1407364
1052343
610833
459858
709432
1496165
555960
1382053
332836
143908
758677
1337307
954769
904952
748802
827195
828950
1448939
467813
1308737
1611386
1736472
300221
1831434
808306
1679181
938994
1196599
2356954
1725528
317600
1060721
296666
2184192
416616
391348
1269536
493212
515227
758287
1105021
494791
1462380
1804016
401446
260250
250361
970917
1351376
451132
1402942
948965
279312
242972
1882398
269558
1625302
639495
907991
1376176
895276
1144029
514505
570759
824696
1275269
1274858
484910
824338
243816
1021138
55199
655660
929251
458406
1918112
651013
642877
79307
1103304
481488
701184
957297
631176
1842383
485260
1720737
658381
1257710
1112047
405773
317034
351750
370201
1453371
377275
943929
1451571
1254549
773261
836460
2076023
892920
1944801
972685
1467842
748511
1009144
956009
587213
282644
592913
1419025
329123
519994
1247925
552626
83444
960962
940349
1391543
238768
608304
1224402
999205
733080
1385841
328218
1073337
512021
413284
1341659
1042057
1225779
311850
35137
1373340
2122992
2224628
668706
823056
1266710
547375
1266217
547536
1460912
1153718
15577
1554423
1343521
1416412
2841072
2303788
1083671
2710941
726675
1275459
740326
980808
271408
163669
951320
516755
408102
87396
1031146
436644
861034
32950
997274
71615
646060
1481044
2281380
377593
327167
75944
53492
102848
832062
199352
884701
1781452
1302450
1347850
2085487
1709326
620025
113949
259247
1467004
798569
2143368
707880
63583
846778
717338
429926
992001
713129
106039
1913132
23550
313505
155091
506019
1234413
454078
467829
443738
334132
1174290
656498
535733
1306862
866801
1193132
736261
211969
1344560
568942
691423
573192
321584
1281294
238416
873666
618625
806599
511989
948222
350762
747033
544817
3829836
1476046
25799
397599
922729
988657
204020
575183
417134
999040
961921
78517
868349
557591
2125999
489348
26321
433861
411764
300994
24138
1278770
462788
735868
2096346
579753
959272
825954
624919
307865
1043451
261653
74853
734462
559693
1232580
260935
220613
669376
356894
610186
2150805
601953
195305
833526
514961
925005
1860665
923706
712419
1472554
651012
399579
804187
235366
755737
814785
1213309
1320311
224217
804039
1795297
1979478
473509
1240133
807133
910497
1417854
111939
1378854
2487350
585652
482340
854876
264590
1312253
871061
356779
2215749
742991
932472
868342
903980
1144401
516282
1830743
496687
34803
873941
1271913
1020689
1044101
930507
1663472
893800
1040429
87368
790807
191584
1198905
229850
1120159
978737
1082044
240825
668321
10244
662910
672757
114609
677968
1380819
1424456
1388426
321301
623925
2640385
270801
788635
54741
17329
1310842
399921
860052
707710
830608
222541
1749880
267595
396473
384675
925249
1435240
773502
1486445
1955267
980035
1065264
1061535
748054
1454291
2526030
970637
1041904
844132
1286732
298978
1207580
337292
663286
1282726
928940
214674
99067
813205
908433
813310
467502
399968
1505330
1832968
140526
668777
1229443
1057033
114541
1455271
1467380
1266848
881941
1675963
884658
1417930
287407
591061
996531
1018506
711879
178224
519474
1971993
349234
1338925
1436099
151186
568216
634168
730536
477188
2000757
1609725
337161
876605
1543746
140077
763369
768376
314009
1246874
108028
565707
543229
441395
814719
75672
695712
1050086
529960
2191445
380551
2361913
1319652
1461378
1081137
1772140
540551
489487
877758
1489397
1390085
745135
1888883
2046656
288422
640421
801921
295467
1266336
1140082
448974
209763
1154151
549088
501779
367013
886855
436246
430669
334139
360698
1269569
2873369
1355034
898588
209699
677087
822942
395843
1374915
279736
2106826
990707
1071961
1765906
545511
90232
218332
1300760
145406
403028
153458
1737047
647997
652736
149628
540388
700843
1232375
650659
317154
765137
1026549
96362
1224264
2194383
936039
763322
657767
574335
335044
1213484
1001618
363185
1800608
534943
1423263
301995
1146600
727455
1782322
155812
704338
881653
268065
848676
1675987
2144793
303323
624515
965052
1341721
185770
663587
1143782
3245
404928
336372
2140914
1083201
1444598
768972
1507829
964293
346936
510728
464631
1007517
1930277
428010
939717
640072
790331
917399
1343460
130391
1507768
655317
48590
401461
76420
1256359
1006176
621045
968402
311438
1330297
503332
1135469
1254213
708327
536660
1860856
72416
1840771
433515
428503
86665
2068804
1904238
838194
1582879
97497
936437
1332416
496884
694743
214516
1266248
518251
978202
1087626
1459659
868212
416977
659218
777478
316237
1772985
1065933
524732
1074974
868371
170417
971929
1556983
193465
66488
86714
2034577
194163
787887
1391984
938759
1512400
2114560
141356
146456
868056
1292039
389341
1058211
494533
207542
206749
992326
2225497
1394382
2612658
758684
1606259
213603
569528
893306
392323
55730
999621
1909614
886916
610569
440429
377724
741296
613243
1825708
722045
8055
340967
816779
1096989
320241
784941
61954
237752
1340699
1489524
1891780
307385
391654
457506
1126081
708792
1320306
52770
934477
125047
886785
398451
640999
98688
1296943
955963
524828
1251494
407688
463823
796466
1105309
1606201
40197
598569
1742240
991152
1824769
736228
1915046
1271271
564481
808302
332873
1217699
88909
1743969
541788
578627
1257734
705224
1119247
610683
770257
92108
1379338
1048775
151081
274420
971403
854021
1229063
1640270
207940
923203
174327
824499
906781
124319
284992
573519
70922
655446
644279
2244519
902546
462267
820521
395836
122629
1048945
373771
1824148
179264
883963
1702888
698240
872167
64088
1210351
896800
1829414
1457876
2339870
1044491
849198
19713
346775
699444
1086672
1553708
1370854
789199
2450976
503251
794612
990906
1913551
1719964
2198451
1387486
290254
1061641
1139022
32157
407684
2149967
207348
1087055
669779
725581
629257
1173325
1556629
805441
977330
944119
926325
1445310
726947
150712
143060
462529
1345038
1184240
266466
1993099
1854866
527731
518174
1700753
689542
2512437
2194099
928726
174537
1443919
976664
80449
270576
813796
876459
1524818
626419
650533
546994
417784
823420
720124
224951
1285350
1119285
1109420
952167
26380
745429
824893
375694
644393
1501551
673918
911354
725829
1677279
888875
1995761
426821
1496890
1259991
1222104
416031
342489
473004
446731
1278549
60202
1274838
2051163
1469861
817595
285158
625616
1837382
49387
730811
688067
306424
656919
1311043
138624
204058
229798
883111
1093534
525190
125338
371534
824803
2038785
1144220
1932512
581472
185780
87915
773267
957069
730175
137768
336203
2311242
325845
824553
1856899
791643
1757066
912768
573329
963750
199856
1606127
1643598
39411
1530953
1174643
337563
1860103
1382495
330483
238152
116070
892055
1026731
598614
1518988
874795
808769
741989
1356367
317822
1864075
1404145
165692
230706
4099
2184125
367604
1013533
575280
863802
1974154
1902050
2091930
1344074
31235
792323
1334035
1885445
569937
483516
2392165
1048965
848309
308466
1776163
500102
581880
1291058
696536
762381
953325
843902
538030
2219890
447950
572841
928676
509505
577368
1085324
1601592
25155
710061
278809
1428212
1444290
361613
641780
1968096
677874
1836761
144585
157004
1133619
984428
730655
466881
974619
591168
1429332
509707
740473
1431650
713162
799277
1770172
986010
433767
452041
321595
300034
563874
517074
1371991
1592201
2283008
16760
973539
1391084
143911
1161752
2165708
819737
1326385
961734
1365564
1796712
129130
852287
1145665
512575
616092
1679639
1218803
1233002
170351
42276
513403
1412093
1774262
407374
925303
127215
1062988
17884
166818
1594459
346757
350627
103289
1876028
1327592
1367382
1263361
534989
1880578
1400077
1014829
638949
1334974
292987
536932
782099
553400
1521240
423912
787874
8248
1348304
869241
1893395
1178660
458414
2416032
832794
921397
312561
1631569
901759
703475
1316817
903824
941082
740644
110838
405084
815411
614471
806333
2339218
325533
869575
912848
1532657
393462
643795
626794
956739
695973
1455186
882859
713380
1385495
497211
1296390
308772
856735
825770
1977229
999630
40689
250902
2458365
774772
868514
378471
1324660
833674
127878
1268396
246548
1368343
71950
1150930
1332346
1582419
1054694
1812249
479080
1367762
770896
754952
794643
1553959
2225095
932137
1957266
1087213
185019
1112342
1295148
941416
463052
360378
306820
1389456
1093550
1564988
681132
2183542
751330
1533149
242732
909735
591284
762379
1113461
1382774
943069
1060086
1280335
760575
1598
171463
1547235
1491183
196350
923640
99245
120391
743625
38054
1224330
546792
167566
227051
1870338
911249
1098429
1044016
1699706
747148
1116034
1176358
102785
551567
203050
999805
1830909
1336039
29176
885142
336986
861975
1410859
636763
1301399
178694
1018295
3143126
1367892
1106912
770405
2230310
2300451
2262812
323538
84597
1061362
174691
1365224
1637422
674395
248376
569124
659859
901713
1665435
549004
1128437
1354927
256976
711923
662821
872806
234950
1797844
143919
148331
1970042
1207759
1220973
574339
279138
504780
1204353
1184180
1159374
2285523
1042628
296273
1154962
1841869
244547
571754
86695
432130
816945
3126
807639
419383
254590
760390
667327
744682
778927
832431
1196536
1361300
1061231
893531
1312183
1461475
81515
624629
922395
18842
1363043
143800
2411821
740783
1837668
616379
1369417
983303
679450
1667075
670020
788569
618730
1346508
957007
1588006
537829
382077
1109312
1668601
141632
1466128
1123864
255911
1478760
904196
2209607
1430029
479867
245799
137780
1431690
662361
1149546
1496994
1731360
994241
850059
100181
707699
2414847
520354
1234715
112581
1869579
209361
363790
323221
1436309
1110738
596029
1938940
1592388
84806
866963
545642
557926
1196544
304696
831146
211368
1864981
616220
36248
857423
1435944
57179
243555
1144807
1443422
565154
1025932
778336
419395
1254296
742083
106112
300511
186049
973121
1308891
1737184
744356
74926
630567
547213
1484341
1508473
946132
733837
224917
183734
941120
399706
1378142
923776
234352
1757614
1042915
1688372
161698
1283055
1877372
1504367
1440839
1580930
818920
1094861
1376213
246546
188052
997669
1599490
53540
1250401
600749
504341
1351968
732490
1370831
596350
595142
578955
234093
787886
1086771
786021
618975
1537128
1384150
556390
1031119
866142
540124
969135
1400887
922752
688060
521814
180127
721623
1458471
726162
1320382
1345495
551576
776382
1797491
1213402
1076253
214653
942472
233489
93159
1392644
1502891
528093
869467
1326334
1065617
863940
501054
908305
730224
1180103
686431
739078
797760
1261496
2816523
1012718
549239
1073232
1875130
329449
12455
203013
861850
614665
1475134
263458
1288509
1430683
664704
742073
893612
37230
204172
1939739
176208
2246133
1188177
1176752
1300672
326255
325203
1306153
1064532
1294830
662471
392986
779053
378397
296592
784557
586855
567779
280093
2427001
240868
246861
1908328
348922
405919
420752
928244
1086241
165458
1015668
507147
913555
1273868
540789
287643
992951
430138
523756
882900
1817457
417240
336851
519847
580051
1129629
1755566
614150
610619
368585
1481933
382395
270111
1848116
1229142
373998
434540
1993181
777448
1033344
249174
601843
1126787
833542
1073265
725099
583788
562380
1444934
645671
839029
1060175
792137
151047
1121505
1682973
1022063
700279
770893
494260
423108
978749
833907
1721629
1836418
571109
325457
270956
2568997
1006067
1300783
772383
721187
1020941
585606
1046775
793921
76970
352964
1381407
554472
1323875
1234420
992159
423166
1493533
1081667
1333764
1125977
895896
746119
1338935
1642037
112895
2451937
445824
935630
2123956
1212233
923102
646513
508991
1472528
1138381
425493
821179
456105
545884
1163919
1382501
118922
182736
620298
310218
1300183
895074
558172
384693
575623
1325849
344125
907130
1664838
250124
632603
1845098
1281250
723743
326768
661243
718410
448288
1063933
722875
1187928
1254087
725335
598105
1121912
833039
730631
502584
795306
1271292
