3146752
541312
1065096
2138144
4196616
8396896
8396930
2585
13317
3268
5394
34440
28930
84481
133668
1622528
4195632
5382146
34853
184384
1148416
4195105
8617988
9469962
1049614
1059856
1122337
2099648
2179202
4784146
6310144
7356418
8413504
8552465
8421600
9454081
10503232
12599584
18956352
18891009
2362496
4206601
11305
6444
8789
33110
131313
295020
297012
426026
569920
589937
1053236
1179864
65955
136577
295985
328496
640032
1130800
2033664
2101517
4751382
6292257
9273352
9502761
20771
41576
69153
527416
557953
659538
921610
1728544
1868289
2228374
2408968
2647042
2670598
4546561
4722968
6373444
9193536
9438312
9576768
9707649
10552833
16797800
16810788
16978960
17695008
282708
661664
1051521
2369665
2753539
4282384
4474945
5443592
6828288
7340088
8458392
8720389
9701388
11043968
16826530
17306768
266771
789376
2121990
3150341
6332548
6562080
6824576
7344146
8660016
8931400
9207938
9978240
17303590
3673092
9831168
18884611
31762
150464
229530
17241
67221
103173
103328
110881
131539
138532
162824
205876
271017
524879
525870
826112
836737
1051057
1057436
1390596
2375785
11149324
12995072
7321
150292
188682
328596
543281
577674
579649
593092
656204
837764
942113
1090588
1124611
1198597
1249798
1479200
1640476
1902784
2102449
2106507
2242566
2361768
2425736
2621653
2622009
2666505
2689472
3014729
3538981
4204336
4390995
5767592
6488212
8160256
8946324
8958592
9200144
9513280
9633827
10510920
11796656
12756993
12996736
16847536
84051
188592
298532
352704
619136
918320
1067842
1102384
1115194
1221249
1322128
1360768
1790016
1836674
1869860
2143364
2148800
2311428
2494485
2721828
3151970
3178582
3465217
4204842
4246546
4261134
4342090
4364321
4365328
4587673
4598792
4851985
5054656
5111833
5247111
6389804
6407200
6834216
6860832
8460488
8557574
8560899
8565824
8654346
8660056
8851528
8924673
8995009
9175217
9310496
9451554
10223877
10494320
12587620
12683584
14688396
15372288
17145868
20187408
24117769
115978
268341
664650
1100176
2131724
2136708
2756897
2888209
3165190
4203334
4269081
4589587
4653571
5374483
7473157
7606529
8538440
8964161
8982541
9307146
9373184
9459730
10558080
10622528
11567712
16927297
17187460
68683820
76548482
1070466
1345860
2632096
4457495
4982881
6325772
6751236
8450816
8521863
8657414
8962097
9077568
13058112
14190720
19435664
25267712
68315140
68813186
73402381
799256
2240547
4235356
4588081
5276179
10623105
17056298
50577536
67436976
69353752
18948169
17894468
36772
74197
86896
15375
28066
47134
78005
95750
182088
197100
286024
289368
292168
348218
382272
533831
656234
656838
697355
803625
859520
884875
1056456
1248072
1294371
1523749
1583692
2101013
2229176
2490714
2613760
2737164
3408738
3478400
4245684
4784250
5002880
5521509
5832888
6984448
9151489
9440482
11157592
180841
397429
438440
459681
530061
591513
591784
690219
743556
761940
803640
918166
918946
1051791
1076624
1123148
1183316
1249458
1285121
1312950
1507651
1573830
1901768
1999122
2105662
2114170
2115048
2142755
2298185
2334979
2359918
2359925
2360154
2360918
2621787
2625941
2695346
2949808
3014923
3015329
3146139
3409234
3458564
3539512
3565569
3672484
3680792
3706922
3958272
4204137
4229872
4235704
4255892
4268457
4376590
4391086
4426817
4468825
4493744
4540720
4685891
4735654
4743243
4823057
4967424
5063202
5261092
5269794
5397536
5472267
5473537
6225953
6301348
6316866
6408322
6586700
6595841
6604034
7495746
8425072
8457396
8523990
8688992
8693767
8913626
8931715
9175225
9311520
9471656
9480416
9504536
9700508
9769538
10496600
10633273
11539620
11551282
11698204
12584872
12586772
12600978
12616901
12617897
12654888
13271066
13705260
14092352
14221506
17109232
17596776
18016258
18290690
18317321
18563106
21107032
22545058
33793090
51292160
67178146
36409
78278
101681
140741
332877
412052
557901
599091
602532
603149
689678
772129
985132
1069418
1083549
1098664
1114718
1119842
1139282
1139524
1193112
1196317
1423392
1581115
1582768
1623301
1641479
1660224
1716560
1844376
1857560
2146395
2242657
2377058
2404401
2417674
2458408
2692170
2901272
2949658
2951179
3096708
3162318
3166506
3182918
3375684
4079633
4202718
4220832
4237972
4261330
4347416
4462304
4516880
4607044
4726995
4895760
4981616
4992516
5261475
5284632
5342277
5374569
5572368
5972232
5981200
6037778
6209538
6301576
6301989
6303960
6313281
6451248
7020802
7021088
7357256
7413891
7541256
7807104
8135170
8143876
8390556
8410218
8788038
8929731
8940624
8987969
9019658
9044325
9462433
9569388
9593861
10029828
10159392
10572080
10621856
10702857
11174081
11338024
11577474
11637000
12124712
12593332
12657072
12740880
13774978
14680802
14688849
15107200
16937222
17062448
17238177
17302835
17467681
17526786
17835412
17893716
18104851
18163721
18620696
18907832
21627157
22286481
23120160
33636805
34776069
52875264
53477777
67242105
69297472
72356050
72778784
73924654
77824048
362249
562980
658699
983664
1126754
1381256
1524356
2157065
2180745
2212641
2234439
2271313
2397000
2659366
2755724
3212737
3217988
3240208
3286030
3320128
3769089
4293225
4326521
4334681
4589669
4985475
5181704
5319248
5441036
5718532
5900817
5932290
6353664
6521025
7342305
7365650
7379204
7505160
8410501
8495944
8692176
8718545
8794138
8950436
9056408
9181191
9548160
9770064
10604553
11829300
12063249
12879960
12913186
13173033
13664526
13698136
14221827
14812689
15237409
15753284
16258112
19423777
26223123
50937891
51121680
52597312
59320448
67461251
69246210
76251393
79963396
369057
1229249
2199908
2672848
2888723
3222288
3703492
4302873
4404248
4730934
4784715
5309717
5312068
5317908
8464414
8488752
8570052
10621713
11568832
11731296
15009028
17106115
18059408
20005908
23087363
23101517
52439065
58982954
67634537
68272147
68428433
68452649
78319632
2263366
2365189
2433864
4468496
5313610
8587653
9449995
12597261
18936324
48761984
51391497
69341461
2240653
5412000
9711777
17114133
73483780
4597956
229979
271575
774659
1053653
1794085
48992
77507
81189
100249
107228
108942
108953
110180
158478
169393
187041
191780
208990
255137
296285
310297
318640
320930
325891
332589
344824
396071
411742
414492
492173
525727
618526
630955
721021
787386
790966
853165
860702
870153
919710
968715
969793
994369
1034756
1074965
1086170
1092300
1099094
1183192
1246332
1253562
1552394
1578087
1581909
1679909
1838756
1873600
1955968
2105979
2214282
2231653
2303216
2327206
2345226
2361241
2361258
2438848
2477059
2634330
2982996
3155562
3299074
3383340
3399720
3436690
3674548
3679514
4250898
4256325
4379940
4678786
4767838
4810808
4825824
5017770
5066780
5177433
5308902
5579488
5661825
5706320
5718090
5800170
6050945
6300502
6517764
6728448
6768650
7110772
7122432
7432204
7492865
7733389
7938092
8411977
8444690
8469672
8538906
9023502
9063948
9887880
10420305
10453028
11166723
11338180
12600666
16839876
17977398
18415804
23247360
35973132
40590
48920
52121
139839
143829
160302
171654
268012
273013
299822
317344
319795
334249
346356
379525
501057
558566
574388
609859
614574
640549
659945
692531
692619
719368
739012
832840
875028
945296
1024448
1069599
1083345
1120713
1260224
1270854
1353836
1369617
1381194
1381940
1385826
1450643
1591916
1599820
1632356
1642795
1652496
1659403
1708094
1708698
1713675
1726000
1737548
1770070
1794565
1804549
1859851
1870752
1966883
1971872
1979908
2098895
2137187
2143379
2147956
2186625
2216752
2220209
2262215
2290185
2478354
2507310
2516020
2632402
2697756
2736724
2871299
2892182
2987041
3154680
3248654
3301932
3311249
3366968
3379729
3422980
3423237
3446033
3482378
3545416
3580049
3686860
3786776
3787280
3932380
3936421
3965965
4008320
4250200
4319302
4347336
4353155
4415657
4467596
4511552
4661602
4724140
4767865
4804724
4901280
4915640
4944416
4966412
5005985
5015729
5114642
5122692
5178468
5260445
5302657
5375190
5518560
5607576
5638737
5774224
5794192
5834262
6031449
6048010
6129684
6301507
6308503
6463104
6545428
6621361
6754480
6833714
6866068
6892192
6914330
6951193
6979794
7023108
7106578
7112898
7143768
7147602
7549186
7651618
7870628
7897260
7929931
8401085
8404336
8425037
8425835
8461922
8491194
8504673
8537780
8549200
8662218
8804373
8835093
8880785
8918299
8923572
8929391
8955120
8981093
9015746
9081400
9228370
9246592
9440043
9476265
9651732
9667597
9876608
9992705
10027067
10069250
10078736
10487467
10490647
10618253
10622516
10814566
11115010
11179648
11551795
11665529
12059219
12585307
12618149
12626228
12706850
12997764
13108193
13176937
13443396
13698610
13800460
14336033
14483656
14684972
16360448
16806820
16816970
16858648
16946532
16947470
17187493
17345561
17838764
18098049
18481904
18678472
18950880
19374216
19599472
21692868
29531264
59904352
73138253
79168596
53927
226752
237802
238036
273175
274607
302200
366117
412274
530543
566483
579107
608343
609430
618586
643492
755811
760880
766500
889994
990225
1016240
1100492
1130683
1159219
1189037
1196347
1249510
1255764
1296676
1372257
1380924
1445268
1476496
1590333
1672966
1687984
1855800
1872262
1900871
1984136
2100935
2180556
2196878
2212442
2238649
2278443
2296459
2312725
2396524
2414980
2505480
2556474
2572873
2664777
2804481
2885868
2912353
2933509
3016211
3150758
3171523
3185476
3189168
3196234
3201185
3214452
3222696
3231921
3242256
3247188
3342645
3394624
3412185
3446924
3944593
3945736
4297291
4299078
4321456
4335822
4362446
4383260
4410532
4426053
4490327
4525506
4574016
4598100
4598984
4726372
4818376
4862404
4907329
5080594
5259837
5273184
5280876
5296433
5312970
5381162
5392938
5435968
5458692
5477536
5514548
5877766
5968072
6312688
6415552
6457390
6587596
6607680
6866272
6979667
7345179
7406802
7610538
7619145
7671827
7873200
8477808
8508172
8522071
8540221
8590407
8623115
8655321
8663846
8671629
8789125
8940642
9003275
9020993
9070980
9093480
9095314
9112226
9290308
9322698
9455398
9475845
9503356
9554992
9578573
9716618
9896979
9898252
9974472
9984524
9986634
10161284
10207520
10520389
10586698
10624518
10649958
10655364
10655842
10888340
10914856
11046720
11081488
11213888
11562624
11645472
12653079
12660034
12688513
12757648
12979496
13025305
13078788
13141007
13206666
13383698
13411968
13687360
13767706
14188622
14230280
14230912
14680477
14695496
14713397
14752386
14778524
14910784
14947972
14995522
15216662
15221076
16974955
17314874
17483360
17729562
18211088
18930312
18973409
19539994
19628163
19687436
20185446
21370901
21513442
22034978
24641621
25350944
26755595
45548576
45748353
48301408
50924551
50944040
51937358
51942434
53021314
59024064
61350112
67179406
67443105
68157948
68260020
68571150
69312737
70419494
74007328
77793318
78811408
215371
288454
352435
430441
563495
678728
857028
885592
1389833
1452720
2224142
2255458
2373748
2459846
2493548
2763412
2810952
3564080
3576097
3694698
3838098
4272238
4487235
4575522
4678080
4855340
4871364
5001749
5136944
5273936
5285948
5441409
5457048
5522601
5718338
5779479
5809712
5812528
6445345
7045728
7061888
7098456
7159970
7215110
7381616
7481610
7946772
8553906
8561001
8601976
8628250
8634673
8685847
8742153
8759365
8803489
8927278
8931387
8983303
8997131
9179932
9201816
9244941
9442335
9467017
9484357
9524036
9595458
9636890
9768195
9836162
10039817
10544336
10815841
10834465
11012665
11698265
12785864
12890264
12989186
13344833
13382150
13718026
13736032
13765410
15097880
16807987
16822036
17053838
17073231
17345577
17408706
17637580
17861147
18057266
18891151
19411004
25691918
51911432
54663220
56689568
57155984
63311884
63463940
68165757
68494610
68755485
69215960
70721584
71590089
71856328
74060865
79860354
562327
1194261
2429590
2720135
2736580
4332062
4501682
4621187
5054755
6070433
7352359
8558356
8701222
8733382
9460355
9489296
9572918
10160304
11886688
12982024
13127815
13454592
17576985
18368583
18421844
19022938
19936608
21530787
23267864
25286662
50102304
50456768
62957592
72096816
72484124
73425234
76813381
1360716
2557240
4596109
5266181
7750432
8512519
8792852
19999810
50484609
56635399
63213640
75645176
76290118
3198001
8503411
10758414
12859459
18976869
21240071
64147
100330
294292
438146
650261
775302
1007763
1064777
4213238
6001155
19263
60876
60967
82878
85930
92643
106133
189837
195394
204520
225311
323097
336888
351247
398585
408230
419374
545276
572628
579461
600189
716293
725370
776453
854366
906309
931116
981249
1021344
1075900
1085350
1114559
1246137
1247610
1275432
1314761
1322218
1337282
1341529
1354720
1574365
1639162
1700929
1712542
1723477
1770228
1791172
1795093
1826961
1856782
1917229
1935413
2009132
2037028
2045216
2064485
2112307
2119526
2250168
2288225
2313928
2478560
2541835
2598026
2613889
2633318
2656149
2831433
2870306
2886610
2891409
3060482
3080403
3107904
3154867
3161681
3263749
3301467
3412589
3415242
3417548
3575865
3642882
3744177
3935026
3991557
4018561
4067636
4230617
4265629
4318294
4411076
4489693
4564547
4726456
4787142
4858075
4909081
4910338
4991817
5023857
5032052
5280566
5540058
5572401
5598466
5626370
5638713
5742620
5773256
5774921
5833564
6078801
6177818
6209610
6303139
6309102
6343978
6396485
6455421
6504605
6849331
7160009
7266372
7549988
7639256
7706760
7799436
7867174
7952390
8235010
8399293
8427315
8465101
8563996
8631080
8967393
9081373
9359381
9502847
9601510
9823040
9902721
9969298
11305015
11330177
11665743
12927385
13168681
13291968
13642524
14256142
14683852
14819572
15730388
16815846
16983274
19362817
19966180
52697
77235
95293
101723
173301
178582
182518
248259
253569
269050
287183
308937
341797
357314
357916
407659
407910
448081
463475
467607
509226
510597
539066
615989
634480
706373
727635
738078
813387
837413
842536
859490
919350
923084
951526
975241
1009536
1033731
1086699
1100231
1113872
1116635
1124198
1169816
1193487
1199785
1241173
1271096
1284741
1285396
1332172
1358213
1361640
1430308
1445149
1483651
1548513
1592937
1632660
1645386
1723092
1732144
1840805
1968498
1995140
2045976
2046082
2050129
2136556
2166551
2175480
2179550
2204644
2206105
2214520
2224804
2237365
2249398
2257095
2270129
2270778
2276674
2292868
2316807
2347306
2363193
2364318
2379054
2386284
2399116
2410164
2493906
2501797
2532042
2635714
2770007
2773197
2773827
2784352
2787212
2794289
2797104
2798756
2830442
2860704
2897800
2975779
2982927
3004576
3017305
3026983
3159267
3182474
3192260
3235943
3294780
3325216
3349777
3351821
3424974
3441751
3442572
3506823
3514453
3539166
3545676
3550017
3550729
3551633
3592744
3621418
3686631
3697348
3753095
3875365
4039720
4201717
4217294
4222158
4332647
4366048
4397780
4399710
4403684
4412057
4428486
4434097
4442265
4442393
4476370
4481359
4642338
4676232
4814216
4820448
4895494
4907793
4921808
4934754
4952236
5021218
5028362
5047778
5047893
5069062
5096980
5202020
5344440
5344624
5357756
5358996
5412320
5445506
5512136
5527305
5545240
5556100
5639352
5650950
5702795
5705504
5734445
5785194
5859395
5919856
5943856
6055173
6077444
6088976
6199426
6303649
6315844
6346640
6360621
6376280
6392233
6429859
6431542
6443760
6479950
6496001
6559622
6622316
6628549
6637621
6795424
6827149
6834424
6835082
6865353
6966688
7037096
7078007
7168578
7225576
7279808
7361992
7408937
7412300
7527168
7571715
7635576
7683088
7709744
7741486
7813121
7919656
7938217
7971089
8039168
8286212
8357890
8394678
8415053
8577889
8604217
8635690
8636769
8661230
8669555
8691552
8704651
8794577
8834117
8901697
8939918
8943178
8947633
8990469
9021707
9023938
9110757
9183112
9250117
9253649
9255976
9259587
9270275
9372726
9531809
9541692
9561860
9743234
9754180
9804936
9806688
9867587
9870208
9887757
9941072
9979620
9996885
10096404
10106947
10143041
10243457
10257748
10499230
10521901
10577490
10753652
10762403
10945201
11027243
11079010
11085488
11170884
11212945
11307206
11321457
11378825
11619552
11630609
11680130
11799721
11802002
11862422
11940240
11997272
12229122
12370512
12622109
12852674
12992591
13000854
13013022
13127209
13161184
13308324
13443609
13466112
13633203
13643947
13656406
13766409
13978720
14000266
14221808
14289572
14320226
14703171
14731406
14750735
15114289
15474748
15610114
15733666
16029776
16809185
16842004
16851639
16881004
16950892
17017042
17017162
17050986
17053393
17062485
17091244
17325388
17484673
17671056
17840841
17875317
18402948
18486444
18619154
18651149
18902196
19015284
19060761
19125506
19195160
19261576
19423323
19965191
20987780
21042362
21791759
21858946
22438052
22675742
24578177
25195308
25281834
25398052
26149395
29434600
36237889
45386249
45876259
46221544
46541059
53019362
58261656
62944322
67576109
67933089
68202084
69297748
69471921
69745544
70995977
71641776
71838960
72863748
74612916
75235506
76825484
79866656
182001
346857
348875
365159
601898
871699
1056335
1105602
1132259
1164629
1262293
1273026
1422018
1471266
1493286
1543728
1626580
1766440
1794438
1876646
1913393
1971779
2174666
2243782
2251218
2277775
2295239
2384301
2389548
2391432
2486369
2498967
2507213
2664539
2698028
2698348
2730092
2740648
2806932
2888477
2928933
3053128
3054976
3166581
3173616
3185957
3218310
3262627
3292264
3320040
3327761
3348162
3356228
3378880
3429602
3448385
3507380
3647521
3682540
3846448
3868977
4080932
4178440
4223715
4246195
4263567
4295565
4302548
4313500
4334999
4352782
4383819
4398155
4504660
4548233
4559792
4560688
4673036
4758309
4770126
4818522
4986073
4993195
5131138
5147149
5185671
5284413
5360418
5385291
5460138
5464488
5540398
5781773
5923218
6042661
6362908
6369120
6374748
6380136
6385721
6410016
6441133
6486096
6503008
6660897
6722826
6760485
6834054
6984261
7014640
7091396
7144075
7448688
7481560
7513288
7541013
7647809
7670212
7670833
7671316
7700533
7741581
7840784
7913656
8029225
8291856
8450254
8451595
8457279
8474743
8485480
8523598
8562470
8606030
8656207
8665040
8669487
8696440
8698437
8712418
8749914
8754608
8825484
8928067
8948342
8964938
9031843
9046079
9056744
9131330
9152129
9189125
9198644
9211473
9222296
9259841
9318919
9331852
9457175
9459050
9507723
9520310
9528546
9596425
9642836
9659952
9711244
9714264
9738889
9740871
9743498
9757233
9770762
9801799
9902168
9904354
9980614
10099864
10232883
10506065
10506647
10532012
10564848
10575234
10585894
10639761
10857218
10863174
10867730
11047754
11079052
11144476
11169940
11184180
11231521
11298058
11344944
11348010
11511824
11544998
11565592
11683945
11742784
11810892
11830674
11880848
12790042
12834312
12888372
12899744
12976881
13013161
13110514
13147728
13177285
13177948
13182227
13346112
13402651
13681770
13718290
13791273
13812610
13869573
13940832
14041622
14095440
14199584
14246084
14287784
14336259
14690070
14727336
14757472
14877361
14910850
15091852
15996066
16291936
16516628
16986819
17007255
17044465
17152025
17183821
17189980
17385699
17617066
17859279
17979745
17982370
18105194
18188056
18359237
18375845
19358800
19471626
19531293
19535977
19640360
19644547
19685925
20013210
20080833
21891225
22043872
22160007
22165072
22222342
22583048
23103970
23225506
23923336
27431585
27533613
27802178
28835947
46342174
47206793
50564673
50607336
51406392
51648856
51991872
52638338
53706948
54569176
55597840
59291653
61115650
61604490
66457602
67411478
67521596
67613714
67692933
68043459
68481542
69518087
69558680
70296214
70801700
71213313
71594324
71779714
74023536
76031765
78766656
79168326
93018
584775
858947
1233500
1451429
1467587
1617066
1626984
1907249
1978776
2111614
2121981
2317520
2417251
2515147
2519141
2635897
2642103
2779496
2937044
3039844
3246917
3367256
3377692
3377860
3432902
3434694
3690021
3710217
3740715
3818728
3884228
3979552
4480553
4565386
4658626
4733556
4825513
4860245
4876394
5026892
5047985
5063333
5327005
5327187
5403667
5418276
5551370
5580362
5673253
6070736
6427919
6472113
6473878
6476562
6851847
7001105
7156544
7213842
7409204
7640226
8439523
8543634
8708755
8840001
8874081
9086118
9274929
9493014
9495653
9556081
9581676
9604268
9622180
9846966
9945200
9995205
10000675
10064649
10295346
10535374
10832454
10834532
10916901
11600779
11606228
11620952
11806822
11870298
11895000
12130050
12821384
12939556
12978787
13001928
13012129
13026096
13078976
13582440
13658316
13672845
13722260
14353539
14690160
14718486
15059216
15342113
15534147
15942690
15997955
16387648
16933991
17074638
17123926
17338853
17526922
17736972
18026699
18171461
18694257
19023269
19149155
19536276
19943548
21011610
21027461
21171905
21549768
22071088
22123531
22157478
23090625
23183894
23730697
24396449
24650178
24674691
25645250
25919577
27404373
29835936
44576072
45265922
46698780
50424858
50869697
54793742
54806053
56770956
57032771
59304128
59672610
59707968
59816001
63211906
67725358
69361218
69445898
72814944
76112946
76456488
76727586
79737932
445542
571996
1416544
1978930
2185644
3244827
3306084
3868867
3983410
4357155
4410164
4417158
7277320
7477649
8536415
8816354
9080361
9112334
9210907
9572988
9651401
10688276
11585046
11646496
11651100
12699918
12705288
12888149
13920848
14157666
15340565
16960614
17911338
19427732
19436826
22300072
26023074
27542620
50420777
51422505
59273746
59376934
59908652
68707851
71504519
2314659
2673253
3204154
4354638
4428012
7420050
7741833
8626746
8815437
9017619
9648280
12738718
13043424
13272401
21318308
22127940
26285603
67669575
68047760
68870340
4306997
7544000
8605197
13378755
72378531
3712788
72434315
1407123
1566988
3153844
39925
193970
204587
232765
260298
261824
276157
294190
350106
392274
395191
409237
416710
419182
419764
474817
487731
510298
577386
646498
661405
740383
859030
863798
874337
914474
950080
957529
988750
988819
1022038
1040903
1071066
1080627
1099131
1104245
1109682
1113298
1239522
1259691
1297091
1302702
1413407
1428743
1433097
1476795
1477511
1494185
1524827
1534483
1536523
1586138
1661469
1679740
1680753
1711562
1716830
1789168
1789840
1796174
1848622
1873368
1903798
1967199
1971317
1983802
2005794
2036022
2043184
2122463
2144756
2145690
2148990
2277627
2343517
2378987
2395382
2440067
2561458
2586178
2659003
2720249
2751168
2761423
2777631
2802235
2876681
2900965
3003585
3048027
3076417
3114344
3115306
3117776
3161001
3164891
3230166
3273770
3283832
3300406
3417487
3564683
3605831
3621273
3679469
3705245
3790929
3817822
3820587
4006625
4019080
4035808
4066121
4104732
4141648
4171782
4312490
4373620
4569103
4619553
4722165
4726234
4784894
4815060
4948213
5330881
5355595
5464111
5522355
5522684
5588780
5616544
5685310
5702861
5784695
5785330
5831824
5842975
6164914
6294751
6331054
6513834
6597389
6693099
6793988
6831692
6837961
6889597
6951788
7041616
7082964
7253026
7262245
7287428
7349114
7415911
7674168
7690632
7735481
7786648
7959617
8020107
8036499
8244232
8280098
8283652
8404662
8430843
8449829
8451277
8502550
8534427
8566553
8703658
8872525
8928853
8994330
9296193
9331882
9351945
9372378
9443774
9458617
9491868
9533494
9706905
9795970
9805903
10064926
10134073
10166080
10389653
10533174
10683735
10928498
11142303
11341604
11696232
11962848
12294161
12304522
12544004
12657530
12657621
12941830
13157050
13194766
13252544
13416963
13419171
13709373
13959355
14049609
14196858
14430888
14451380
14567840
15570178
15926692
16807782
16996196
17264933
17357426
17388942
17483496
17585609
17878358
17934256
19611896
19859048
20153434
20990947
22003754
22685296
28571
46907
47575
110546
127897
137083
158167
159291
183222
191535
226522
285533
290738
293293
322591
391331
464566
502055
504744
538541
568949
572083
580811
595671
645362
647405
717587
727914
734087
735323
744625
746444
749685
750252
767202
797023
800469
807389
899521
901874
1024661
1060670
1120479
1162298
1178914
1201373
1201467
1202638
1210588
1234296
1264113
1272289
1284906
1301073
1305952
1333204
1334700
1341747
1367626
1390424
1390891
1397099
1487623
1520970
1563968
1601102
1622491
1647990
1674212
1684115
1698380
1711788
1719089
1763082
1771181
1783012
1886033
1889865
1897556
1926426
2005784
2008217
2008625
2043712
2145102
2151134
2171870
2192368
2214641
2225254
2232252
2253231
2271470
2311403
2327979
2351525
2397247
2402808
2410232
2440221
2446566
2477457
2501945
2516743
2560287
2577264
2580542
2583306
2622967
2634738
2646845
2648917
2705884
2769367
2795410
2799909
2824009
2843000
2845858
2864352
2878000
2893429
2897558
2913128
3016410
3037648
3039653
3048860
3070146
3092848
3126289
3159866
3166969
3177144
3226468
3231402
3351726
3385404
3447132
3487815
3495810
3544294
3589452
3592370
3629587
3641937
3703486
3709737
3740491
3746119
3758617
3852161
3922434
3942702
3994636
4057232
4251338
4352907
4357259
4396889
4465143
4482669
4495731
4533084
4559994
4577806
4599590
4629085
4708744
4732771
4795509
4801980
4803694
4824496
4941364
4994709
5002216
5038366
5069873
5086744
5099721
5099913
5121716
5131291
5163848
5174416
5186956
5273972
5322994
5363896
5368418
5371664
5388776
5395517
5405506
5421579
5436682
5440500
5446806
5453870
5516871
5533080
5560193
5561153
5564593
5603518
5621137
5626976
5638641
5667137
5669943
5671309
5719206
5720376
5759025
5774577
5779267
5816495
5826984
5830401
5877012
5901990
5905376
5928466
5940440
5974554
6005424
6198793
6263841
6265857
6300031
6307603
6329582
6370965
6374583
6398936
6416582
6450821
6475348
6482506
6566826
6626968
6627577
6630169
6634306
6640698
6641715
6664581
6672934
6702266
6707410
6736232
6751830
6853545
6860958
6941196
6983427
7000611
7020771
7029874
7063848
7086191
7115094
7226484
7229494
7242767
7247885
7351130
7390633
7493737
7506959
7590280
7651599
7681672
7798846
7848577
7864957
7908930
7940770
7949830
7958850
8001814
8045732
8049416
8061229
8116228
8143468
8175721
8193190
8306788
8420141
8472523
8477932
8482420
8527100
8537695
8551193
8556009
8598926
8673130
8697397
8703007
8715779
8723245
8732353
8755877
8770202
8904867
8938484
8938982
8948973
8999889
9004700
9032243
9075905
9107484
9138378
9196063
9214689
9264204
9264394
9323761
9352584
9416996
9423937
9481543
9521884
9527707
9533193
9584450
9594995
9636566
9641129
9658895
9681680
9683402
9683764
9691689
9833820
9858632
9876010
9880079
9909576
9923077
9935072
9935124
9993025
10107988
10111218
10175288
10191320
10260244
10282499
10372428
10515804
10517069
10570933
10591920
10673040
10676912
10787388
10840142
10857514
10887455
11078124
11088269
11171458
11244614
11357732
11382797
11419861
11475026
11487904
11544380
11549771
11579088
11635002
11649210
11660802
11828000
11844225
11913227
11931834
12064939
12083770
12192106
12356364
12621539
12641389
12688616
12721620
12729752
12735031
12764726
12829779
12850831
12861121
12987030
12987624
12996667
13041883
13051958
13064728
13125294
13134060
13167369
13268528
13435691
13513106
13529110
13603905
13650382
13811829
13961434
14062341
14109314
14185376
14239797
14299256
14320679
14385986
14424649
14433424
14493830
14560002
14617168
14617760
14691431
14815691
14833252
14849132
14855187
14964504
14970919
15009612
15140140
15450704
15767240
16461056
16821875
16894519
17161000
17194196
17232978
17259078
17513745
17937942
17962233
18131681
18264992
18372212
18468225
18536833
18537544
18671762
18842434
19136767
19362864
19638048
19760419
19953803
20761730
20910164
21248307
21291132
22446820
22819859
23619083
23705666
24286856
24658038
24742984
24945667
24971313
25216435
25454887
27283226
27858370
28617225
29365431
29516516
40223877
45224054
45881680
46531741
46612881
46877713
47818786
48374091
51073140
51436196
51563936
51585355
51603328
51724857
52458265
52696171
52699603
52988337
52990046
54083892
54268442
54773912
56670476
56705266
57352457
57812486
58266016
59009636
59961728
60163155
68055189
68454230
68634964
72171868
72786820
73146801
74714278
76201476
76726682
76984348
77106536
121435
191798
321429
474352
501050
506140
611515
615802
632745
644584
743781
801566
863518
866589
867916
871994
882120
929219
943064
986084
995534
1038888
1109426
1219045
1230298
1232792
1239476
1269096
1273544
1333734
1339803
1406552
1514668
1514960
1515456
1620167
1699953
1850012
1854694
1898658
1915240
2023040
2051331
2056748
2205414
2209995
2464876
2544545
2595986
2596130
2676073
2688191
2708325
2788950
2795851
2853221
2889325
2918043
2934584
2976790
3099938
3249479
3252977
3291973
3349688
3377388
3395794
3553484
3556082
3566354
3578658
3691462
3714150
3727539
3739058
3740759
3750277
3762282
3769230
3774036
3906944
3950033
4009228
4086021
4230719
4247323
4312980
4325056
4337295
4339115
4359803
4369114
4392889
4434882
4442348
4454469
4471708
4528074
4565797
4581188
4589305
4594269
4605711
4612558
4635673
4781284
4785279
4934222
4960936
5004345
5006306
5007026
5022953
5065898
5122222
5134859
5148185
5150222
5261799
5296505
5304792
5340356
5359134
5424582
5449665
5473138
5526077
5536263
5592274
5636967
5642349
5673127
5695656
5887680
5890354
5910184
5950729
5997251
6062713
6104776
6161368
6178354
6202004
6349430
6382111
6415728
6464103
6508749
6513253
6567513
6589742
6595019
6624659
6687187
6691049
6701287
6726954
6743344
6753421
6760499
6875670
6924050
7090742
7114053
7171082
7283077
7291530
7369317
7387689
7393042
7394224
7398802
7412408
7440178
7449410
7457880
7471859
7510541
7606391
7607883
7623303
7624084
7627859
7629323
7965089
8013325
8017200
8144410
8327812
8339717
8429087
8448946
8508231
8509296
8572235
8588507
8596541
8603253
8644679
8649738
8650242
8674846
8698503
8731740
8832964
8835526
8840801
8888651
9043204
9058843
9059357
9069171
9091117
9118563
9126558
9133160
9136472
9206162
9243739
9279559
9281639
9308789
9310097
9340217
9351888
9421319
9487275
9498320
9545385
9554537
9564784
9605491
9611986
9613884
9615248
9620088
9629924
9631755
9635812
9671988
9678466
9857078
9867853
9882188
9933396
10031587
10050216
10080706
10120242
10279976
10285592
10302612
10371506
10434820
10527603
10577132
10608949
10611986
10639765
10713188
10760495
10897638
11038473
11039310
11056360
11081620
11185669
11208291
11306960
11343216
11449350
11617454
11624004
11694433
11700763
11716040
11717204
11719496
11872410
11929357
11932995
12034216
12074060
12122117
12203544
12225122
12645065
12866682
12885448
12900454
12916070
12923949
12949612
12960083
12964452
13046467
13046572
13152952
13213232
13267526
13400833
13406812
13420633
13457429
13502281
13517003
13517148
13535540
13682565
13683494
13717661
13733080
13780761
13803733
13832604
13863746
13979814
14009386
14039332
14292400
14555224
14765071
14779609
14803848
14838058
14865220
14912547
14921868
14953285
15246093
15254606
15355184
15362328
15500897
15510624
15994532
16130633
16402470
16881510
16887491
16920470
16963643
17017642
17220499
17245589
17355087
17370872
17374269
17385927
17406070
17426730
17458145
17459569
17464644
17524948
17712533
17746728
17794260
17918279
17923205
18101547
18144836
18784913
18934628
18983777
19011895
19124449
19243619
19251922
19282090
19307779
19391494
19535989
19765410
19779778
20538641
21141923
21186711
21200400
21309013
21586998
21598666
22119069
22254659
22438284
23268066
23610774
24223815
24392457
25969355
26429122
27591742
29459770
29462408
34515237
34966356
45090710
45252790
45754480
47137027
50665377
52578932
52930056
53522714
55878917
55906586
56830226
58482818
59269364
59575057
59582730
63964073
64267393
67478355
67974992
68042002
68109972
68186554
69280443
69545569
70452579
70553219
71741596
71899570
73550245
74645926
74849920
75122785
75591182
75914277
75990214
77139274
77903496
78980227
79955765
378597
633654
1243182
1252812
1268952
1285009
1296292
1531963
1557444
1620209
1779428
1796816
1865266
1981522
2016600
2193777
2210439
2344756
2385381
2445659
2482748
2515405
2545072
2550184
2772269
2967766
2980544
3065226
3086104
3121268
3254477
3319146
3415528
3437628
3467873
3629617
3723700
4281019
4612950
4827026
4887992
5018395
5024085
5032547
5085970
5136569
5347979
5398092
5399371
5435576
5540143
5552968
5806294
5847952
5882570
6227470
6263057
6583186
6596966
6601064
6722666
6738022
6828953
6869397
7150644
7362442
7390270
7430742
7493913
7539847
7661892
7783809
7801744
7959172
8167750
8498703
8511943
8535567
8633366
8730155
8874126
8953635
8961291
8963247
8987835
9248164
9276942
9461050
9556396
9635387
9791020
9905330
10197696
10269752
10338768
10832581
10835500
10848082
10949066
11186476
11216428
11295170
11420550
11439377
11661664
11821628
11846450
11854274
11896481
12020800
12614002
12758353
12793538
13005601
13141799
13183574
13186705
13200914
13218450
13276435
13413153
13711264
13791385
13810320
13906538
14176349
14293616
14297890
14554756
14815550
14824568
14861358
14865824
14968940
15026761
15258320
15600266
15765818
15803463
15806794
16597288
16948022
17134467
17551516
17654986
18062405
18141861
18261580
18457929
18842946
19044623
19122290
19454384
20033866
22234576
23252368
23628705
23991338
24131016
24220456
34239243
45652998
48281184
49555506
50811360
51681844
52736420
55599466
55650327
56336704
58918324
58976280
59891812
61441200
63250176
64100644
65084426
66094211
66457666
67453685
68371155
68840258
69024262
70001101
70159554
73738864
74471510
74779674
75749893
75908460
76711501
76718407
1387859
1391162
1455303
2000616
2011824
2011824
2265759
2648159
2846904
3381656
3466472
3696007
3904400
4771021
4927789
4990526
5621472
5797473
6205616
6437966
6482036
6966692
7045305
7539913
7642264
7681297
7883339
7930341
8647942
8680563
9021138
9058447
9340302
9770354
11166291
11354714
11707049
12752533
12885148
13158510
13337027
13966000
14722215
14796829
14959588
14961554
15402380
17448078
17547945
17679032
18374022
18500428
19099702
19343009
19441318
19509402
20720834
26875157
31543041
51581485
51874369
55076891
57946528
67481687
67576053
68425398
69095529
70527755
72294628
75743668
76094748
76203205
76621228
77841520
3492179
5028042
6113956
6575687
6607158
7513896
9022739
9229516
9311683
9583763
11818344
11949760
13190315
17679073
20039985
27572804
27861669
53752131
54603933
69588006
76944022
78008858
1161326
3484498
3808902
5420204
6594340
13452114
13863224
18410594
23616019
24904176
28511840
69897749
78138003
12989539
72428071
667622
2637746
3155710
4153642
6027584
6588331
104437
147355
167930
170750
258915
322428
480121
506540
638279
653591
701503
748190
1004984
1013318
1030442
1036367
1254327
1256174
1309709
1371120
1480463
1511378
1604269
1607519
1636137
1672667
1695254
1752135
1770415
1807687
1861949
1934159
2032093
2414456
2445755
2517986
2520786
2534345
2583492
2587748
2610729
2645961
2690271
2699511
2800933
2812152
2815684
2870343
2969838
2984615
3012619
3028563
3033955
3048295
3186393
3219117
3226411
3285247
3308629
3405988
3588473
3625952
3675579
3700330
3706286
3875151
4019251
4020998
4068817
4116594
4180740
4188928
4341579
4357841
4750700
4811001
4851701
4946328
4947465
4975629
5019279
5091375
5101737
5375359
5383131
5440506
5524924
5629585
5739559
5742798
5763236
5829449
5987876
6061700
6072429
6107307
6150281
6265604
6279714
6465655
6593878
6613086
6682145
6707742
6774277
6785956
6808101
6816759
6840006
6952845
6987139
6989411
7021048
7043457
7293378
7381822
7391575
7527689
7539668
7689105
7905399
8133013
8204572
8306916
8453323
8516458
8691688
8758077
8765092
8799485
8799675
9180921
9218684
9260897
9294421
9452981
9526708
9600086
9688153
9717686
9965483
10062761
10065826
10454188
10596951
10611475
10779320
10846455
10906352
11035885
11150555
11401730
11831244
12014369
12122689
12165462
12232985
12332179
12486805
12659999
13080916
13339050
13761546
13826440
13891590
13905006
14169419
14401817
14430765
14619432
14724840
14943159
15355405
15450698
15493651
15767988
16143388
16984042
17226922
17756753
19531507
19593737
23748793
26701831
29965076
46850356
50494292
55582310
61267072
69511389
77733222
47063
55151
247766
247786
253045
383941
385662
388824
448079
455513
608175
699342
728251
773574
879476
888174
925398
947184
949700
953841
954268
959420
1002354
1041702
1149663
1149934
1152974
1156602
1158859
1173349
1239859
1256511
1273159
1336175
1355704
1356207
1402099
1416391
1462909
1478489
1493902
1539362
1555680
1674365
1702248
1763686
1772731
1780345
1804531
1809479
1811230
1877244
1877310
1892106
1948197
1973550
2007358
2007484
2034846
2040207
2110967
2149341
2194318
2290231
2307979
2406511
2469808
2535759
2567962
2649788
2651543
2738556
2746028
2791257
2865028
2873940
2923350
2928070
2941180
2942134
2971151
2972046
2975006
2976652
3023846
3031979
3052638
3107212
3123530
3159671
3161574
3229307
3249974
3298619
3348798
3353661
3363450
3366284
3369441
3419510
3464073
3476457
3478199
3488843
3496556
3501340
3556793
3617821
3633287
3655305
3712183
3715954
3730273
3764430
3766476
3774168
3783956
3804727
3815905
3828452
3831346
3854649
3908824
3942243
3942246
3958452
3958704
3973307
3990922
4028616
4056089
4078232
4360575
4362991
4371767
4373390
4407128
4538057
4568167
4570562
4575391
4577891
4590399
4597223
4604893
4623338
4625365
4647577
4676785
4707974
4757433
4775145
4806330
4809143
4845153
4920125
4921575
4944211
4955088
4955824
5032503
5038524
5040820
5073888
5124717
5151633
5198603
5213286
5216372
5268413
5323736
5328238
5349014
5385787
5394150
5394247
5402321
5410776
5420622
5428814
5496947
5497681
5508463
5520330
5520950
5549454
5594772
5607301
5618456
5660297
5675377
5681438
5687509
5699168
5726570
5731465
5759633
5811818
5831817
5835613
5842269
5884077
5902814
5933881
5986501
6016580
6035125
6050221
6056564
6116875
6139981
6165901
6197654
6228785
6229082
6267538
6295391
6370787
6372909
6410180
6412446
6445518
6507579
6550054
6576566
6624230
6628270
6662388
6673825
6686397
6698676
6699563
6719401
6767259
6852529
6856028
6870821
6880306
6889350
6903689
6954706
6961447
6967673
6969296
7029178
7029415
7031350
7061683
7062932
7091430
7116921
7117020
7154205
7162600
7170329
7194273
7218883
7219606
7279643
7284486
7299606
7307806
7328010
7365757
7371480
7395114
7412891
7415702
7440174
7465050
7494710
7531329
7558681
7578947
7579942
7621429
7631750
7680179
7710229
7748745
7800436
7849057
7869163
7883449
7951513
7983196
8000807
8038640
8049992
8061118
8086832
8094378
8095885
8143310
8146187
8205712
8324265
8537598
8567221
8593132
8633704
8693709
8709078
8729019
8746609
8770219
8780369
8814370
8826100
8866757
8891497
8905372
8910209
9031257
9040263
9083598
9261427
9317050
9336656
9336981
9367717
9433250
9489773
9521916
9530598
9534913
9561398
9574134
9591672
9640796
9692498
9768870
9786202
9788229
9861425
9866343
9881661
9882949
9921622
9925410
9926932
10003774
10071333
10100054
10125631
10144391
10179683
10184472
10280768
10290869
10332937
10377274
10429160
10453450
10622947
10670671
10723208
10734772
10764051
10807047
10823526
10831391
10852806
10934084
11014010
11025265
11045591
11088569
11165322
11175349
11232901
11296578
11305934
11325591
11383586
11397644
11466304
11483402
11501963
11571567
11608956
11627038
11687732
11698615
11787424
11837875
11881241
11888417
11891496
11953716
12005496
12026454
12109903
12145050
12215683
12221480
12290093
12366028
12391212
12392900
12406296
12426432
12436176
12445708
12466948
12536386
12631480
12725959
12792399
12805011
12819749
12857011
12888700
12954962
12966226
12981692
12995308
13022152
13023782
13044333
13099306
13129325
13145326
13145844
13150271
13336695
13343498
13394550
13397176
13424683
13428101
13485008
13492580
13514309
13670813
13704421
13732270
13736880
13775730
13863274
13907546
13929165
13941809
13973699
14017618
14099160
14242232
14277697
14361001
14362260
14496340
14550234
14550573
14557491
14586288
14633027
14694310
14714575
14766962
14774844
14774889
14836783
14885334
14984901
14999949
15107669
15243325
15473572
15614013
15880860
15914040
15993069
16030128
16099365
16159842
16206160
16572712
16655388
16994220
17053658
17108606
17227030
17288852
17295170
17296482
17333702
17588042
17625763
17705460
17791252
17880655
18095819
18119461
18127676
18139081
18155899
18271757
18354029
18488491
18501514
18536837
18646375
18829587
18870340
19028819
19036837
19091242
19115305
19206004
19252796
19327696
19422897
19738844
19846165
20024668
20210873
20301331
20605826
20860974
20938905
21499007
21552552
21991694
22012200
22087095
22386780
22481017
22941878
22978916
23021890
23209147
23335667
23342441
23373083
23414326
23464251
23499654
23877088
24202642
24609954
24844456
26548690
26739327
27454564
27909144
27939553
45129839
45500600
46250644
47220085
47383497
49851650
50553999
50780772
50906535
53497430
54138258
54898185
55298160
55969577
56166972
57172135
58942030
59123378
60141960
60656770
61132097
62279972
65683850
67365832
67411515
67446683
67473014
67592539
68296626
68592113
69374956
69447268
69916702
72386552
72641432
72745087
72851749
73442731
73793790
75714877
75804058
76027358
76126113
76672524
77868598
78053950
79067176
22511
212339
385263
449939
482970
488369
682429
728526
763750
768913
822711
845422
851156
892626
949425
981828
996555
1162525
1260333
1291980
1304115
1355580
1427051
1432453
1451679
1465886
1468237
1520485
1569218
1656279
1697063
1710958
1730333
1857520
1911420
1927120
1984995
1995248
2013707
2244218
2255479
2282855
2330159
2349674
2473162
2502299
2504645
2516714
2528981
2542382
2651830
2694823
2760149
2767324
2801208
2829367
2939047
2942641
2945861
2947609
3029271
3039918
3058092
3082707
3095068
3133766
3177270
3236670
3356249
3359183
3362573
3384206
3386005
3431036
3458459
3468365
3487208
3493178
3512232
3552993
3761862
3762489
3770812
3816218
3858844
3901225
3942583
3943228
3979138
4017042
4074161
4251059
4252659
4275638
4357271
4388636
4431206
4553321
4576102
4581740
4650324
4655034
4660841
4675370
4728807
4733839
4807922
4834494
4901229
4955275
4958885
4961577
5033388
5050811
5053273
5069426
5074991
5147372
5154040
5186544
5189320
5223632
5349066
5366843
5460559
5492483
5499948
5557590
5617174
5676866
5722454
5743662
5789083
5824761
5883669
5921177
5925289
6100089
6167778
6182290
6231380
6261283
6279698
6349810
6475094
6484690
6487173
6501298
6508326
6513995
6547569
6583358
6604446
6615754
6630356
6691068
6691995
6698771
6706801
6721991
6808113
6910448
6922477
7020910
7065706
7172421
7253570
7259504
7279025
7347638
7399846
7414776
7456114
7491180
7500678
7529155
7578828
7680654
7803207
7840224
7840552
7871433
7889022
7911992
7937039
7941233
7976640
7977989
7999980
8032570
8168788
8181536
8197166
8197180
8226979
8265879
8271970
8290755
8493279
8564271
8629303
8680937
8740689
8757687
8764039
8805830
8811678
8817517
8818815
8863073
8866282
9040785
9042274
9060006
9066861
9078253
9087795
9114579
9116524
9135900
9157157
9182327
9198407
9206572
9235146
9243483
9248612
9279773
9296336
9321062
9324218
9327822
9368332
9453044
9547342
9553830
9616104
9631921
9637099
9673848
9691740
9752879
9851366
9861449
9918802
9923116
9987324
10017946
10021197
10036111
10041708
10058277
10086274
10106911
10114001
10187544
10216074
10265687
10301922
10453643
10514311
10566799
10595863
10609592
10737964
10804105
10818989
10917345
10981841
11071249
11072298
11101579
11123738
11178287
11183538
11245724
11293370
11308365
11359124
11565292
11619637
11619990
11700851
11717240
11831932
11836120
11849902
11905189
11919749
12028682
12182539
12213321
12249730
12268738
12474442
12659565
12694215
12756285
12786237
12949901
13021548
13062477
13069536
13161301
13166258
13200977
13225129
13230183
13262129
13354340
13425201
13453614
13469799
13486676
13546288
13550787
13691364
13769177
13782362
13816079
13857052
13921043
13937378
13980821
14050516
14058093
14095537
14170856
14183090
14201704
14217928
14386888
14448677
14512322
14725342
14728298
14755812
14807460
14836551
14948150
14949689
14979757
15054922
15102483
15240974
15778284
15786581
15982614
16144160
16839644
16889701
16953111
16962285
17032973
17307327
17494229
17591502
17675846
17918390
17953729
18010331
18028483
18050250
18133690
18150338
18196322
18196886
18231517
18638970
18674442
18698588
18751823
18776982
18818610
19043271
19062053
19086644
19175273
19184670
19209779
19384529
19485133
19502804
19505593
19549417
19617043
19732875
19793742
20022398
21132629
21221678
21370840
21470977
21596509
21927698
22308760
22363426
23072606
23147687
23196770
23258190
23615969
23737162
23738887
23911458
24791689
25354862
25382670
26219003
26571301
27570711
28617313
30214701
30756980
36023587
36497048
42920832
45357289
45810717
46322404
46474645
46913728
47884562
47910957
48255956
49645376
50730795
51026800
51728196
51971741
53709859
53884068
54020931
57284833
57295465
58459448
59384111
60330353
60375777
61016111
61212273
61688844
63589509
63734043
64502296
64512150
64656001
65022343
65115936
65577316
67296442
68100431
68180599
69485533
69757607
69784886
69801743
70200098
70326955
70435389
70935321
71176366
71636883
72565646
73471953
73655324
73789962
74766349
75029522
75072139
76710519
77633452
77931761
78766737
79012625
79401996
79444101
79840883
468903
737080
818461
848031
895834
1172437
1341690
1356591
1458060
1551298
1744157
2278905
2515939
2548454
2713191
2922813
2934393
2939283
2972362
2991466
2992693
3006574
3121987
3313125
3361689
3387625
3394498
3616354
3874584
4049556
4080357
4218333
4355309
4472095
4575639
4605599
4611239
4615347
4678206
4794279
4798362
4843821
4937355
5038535
5056110
5058380
5156486
5180538
5290460
5379991
5464556
5468729
5601834
5716014
5891681
5919930
5982539
6090250
6109604
6179186
6179298
6347661
6381999
6405654
6408162
6412722
6478390
6482490
6514404
6574052
6669800
6880065
7038657
7055406
7137388
7436333
7441251
7526577
7752500
8000327
8067354
8549622
8582919
8672943
8812110
8814220
8823661
9061822
9074205
9248525
9312508
9319657
9323431
9327247
9333862
9550172
9566433
9590445
9676581
9778461
9857436
9876069
9947922
10303786
10391913
10563275
10866002
10900814
10931525
11074700
11147964
11220392
11249000
11299288
11341398
11345128
11453834
11561905
11692876
11697283
11724358
11823346
11859082
11885130
12092359
12159382
12276392
12674790
12754492
12760282
12761778
13014426
13019932
13019956
13357258
13395651
13711901
13900462
13956178
14002445
14099015
14266580
14307630
14465346
14490638
14500922
14703585
14797454
14805255
14836627
15354322
15481095
15780804
15889427
16267888
16419875
16528578
17110831
17404829
17619174
17733859
17782886
18041315
18150604
18525857
18657994
19197144
19257704
19351851
19516872
19550950
19553938
19601974
19672426
19694487
19712403
20516381
21827398
22268485
22285269
22659289
23114158
23971340
24019061
25636419
27059300
28947201
30581337
32232450
33613671
45356590
45655433
46362766
47468963
48336770
48384842
50995025
51063577
51725718
53004522
54299800
59181738
59516325
59829513
61056704
61894401
65094264
65343912
66098948
68252222
68406302
68406812
68819441
69342909
70809802
70813239
71928029
72272657
73172757
74212952
75137859
75147345
76069304
76331271
76431678
76662831
77108706
77276550
78546324
79345676
1167831
1492662
1831152
2987414
3041898
3463277
3512934
3551073
3868517
4420536
4441049
4441211
4444477
4580909
4692111
4792135
4944278
5428916
5543087
5650117
5880228
5919955
6059458
6243048
7104060
7227178
7287346
7453808
7457996
7522668
7612959
7631918
7768908
8610681
9236878
9256242
9531772
9770271
10019271
11645416
11873386
11993309
12065675
12202916
12792771
12829637
13131555
13754490
13834631
13931830
13956768
14193624
14834070
14872696
15361636
16089443
16455360
17199926
17225428
18020938
18064298
18522993
18634326
19346225
19572307
20254374
20468783
22285655
23475044
26397138
37341640
47745458
51288230
59510556
59840996
59983684
67749788
68596070
71147972
71602527
72602257
72964576
77705421
1748309
2452055
3757002
5611867
6063563
6465711
6511724
6517169
6594195
6763397
7309248
7509323
8273664
9215565
10041639
11069265
11406053
12247408
14066356
14257356
18549531
21581641
21767727
50943149
54041700
61433160
72034483
74594506
8167200
9566492
9660725
10277684
13033912
13218598
13976917
14061929
17153047
18444691
19860418
76944535
5982705
6279777
224637
260503
321021
434161
523120
814011
819036
838637
1343385
1375690
1392612
1394415
1415674
1532479
1533215
1777620
1975927
2020455
2077719
2085046
2154451
2227820
2515453
2581241
2689021
2735960
2749101
2778687
2848531
3024854
3049599
3130213
3206835
3210643
3256927
3315965
3326970
3507423
3620513
3704702
3800480
3882059
3888316
3892311
3924634
3941853
3952023
4026895
4083114
4149543
4351959
4361695
4619700
4954362
5109818
5161815
5501463
5584626
5662958
5729475
5732746
5788631
6027314
6052431
6149209
6150818
6235349
6253896
6259542
6335422
6421658
6556543
6600767
6752638
6920381
6982521
7142413
7188065
7201877
7236111
7284387
7328790
7331956
7486889
7499143
7545309
7549215
7596140
7629998
7760043
7902573
8001319
8073799
8324012
8332611
8699677
8860523
9003515
9385810
9580263
9625146
9791740
9855477
9880051
9892046
9977643
10761724
10889966
10988388
11144691
11153353
11164794
11175389
11206240
11971111
12140240
12297797
12520617
12949994
13429015
13647565
13663972
13766119
13807903
14161278
14292348
14485387
14590515
14627335
14637075
14718445
15606989
16073759
16335467
17170060
17691960
17786473
18447208
18869824
19298478
19574847
20077629
21460577
21567414
23049732
23420689
23896189
24073328
30719872
30738030
31238978
45172859
45725224
46571408
50358235
52931265
56305799
56949254
57673375
61619348
65799495
66324081
70666940
71510518
79118968
79538328
171263
253293
359038
380127
434133
454357
473533
499569
513939
517365
677822
678863
708346
716643
761084
780743
827353
841210
890343
900068
946399
975610
1027223
1078269
1241531
1275239
1309267
1425178
1455547
1456621
1465181
1466198
1486542
1519387
1547113
1553859
1628791
1654131
1658746
1660853
1757983
1774399
1776122
1790964
1793675
1797864
1798780
1853374
1865625
1874335
1908204
1918710
1949004
1960060
1960760
1988731
1991147
2051686
2056917
2125775
2183035
2206431
2214877
2271099
2403294
2445807
2485543
2509803
2540526
2549684
2611640
2614045
2677734
2707179
2736034
2790623
2876750
2877749
2939636
2942379
3010746
3057138
3067061
3110092
3178417
3243698
3272401
3288990
3305274
3315415
3337841
3369960
3379582
3448730
3462620
3464929
3470694
3501707
3623007
3643603
3663776
3717531
3734165
3758577
3792530
3847388
3895176
3907949
3909092
3922250
3955879
4007341
4015325
4025129
4034907
4037330
4038943
4052676
4116241
4370396
4418847
4513746
4553525
4559775
4569295
4603341
4616574
4828447
4908143
4909599
4922087
4951530
4955790
4973490
5156760
5168203
5272799
5302895
5320414
5397214
5420788
5461279
5487119
5488225
5547135
5565726
5593724
5623220
5626451
5688952
5688971
5698161
5732458
5740764
5752139
5753457
5822433
5856566
5922260
5954661
5970255
5986196
6015063
6019186
6042031
6043023
6051734
6066999
6128885
6150234
6154886
6170861
6187752
6208392
6211018
6216801
6218007
6231581
6283720
6354842
6356059
6397681
6405350
6437279
6483188
6486797
6499163
6521215
6551178
6588382
6650397
6710134
6748205
6793275
6812197
6813721
6847433
6859119
6864092
6866622
6905737
6933354
7009505
7055242
7062350
7085615
7113677
7122490
7125922
7192999
7196766
7217907
7264944
7285069
7310248
7310414
7376495
7386343
7399083
7401320
7413197
7442131
7467674
7476187
7507303
7516598
7548593
7557593
7580947
7594833
7613087
7695641
7725772
7769677
7772104
7802537
7837360
7838772
7840434
7878565
7915369
7922861
7951988
7952150
8013808
8061662
8064230
8065135
8078908
8094426
8098412
8131261
8176750
8178453
8262325
8299188
8310530
8343724
8381505
8382992
8703230
8767389
8835000
8878499
8953590
8956399
8961976
8981375
8994605
8998844
9000437
9004781
9007612
9024485
9075930
9103281
9146151
9158112
9167310
9197038
9239317
9301360
9330203
9352906
9401994
9414384
9421021
9466846
9476083
9607887
9631078
9631851
9639327
9649633
9664963
9697841
9723502
9736166
9763956
9816309
9824566
9876775
9953939
9988791
9993577
10016244
10038173
10042714
10054997
10068918
10112907
10152999
10154691
10212451
10288417
10318425
10320026
10410402
10425461
10706533
10716635
10734285
10746921
10838965
10905837
10952545
11033577
11062894
11159967
11235662
11323037
11365580
11483441
11487590
11513941
11546567
11549927
11577846
11630221
11659819
11672159
11702074
11708983
11777922
11808613
11920170
11935346
11969891
12006430
12008489
12029228
12043720
12044318
12396723
12488783
12702574
12742490
12766319
12777017
12808917
12839195
12885227
12987613
13003421
13060414
13071637
13084088
13170353
13186025
13214451
13225578
13264445
13324915
13343290
13354269
13360464
13416206
13445493
13473460
13489175
13609361
13663075
13709014
13716199
13766133
13830971
13831003
13872005
13907614
13936190
13954834
13981743
13988754
14087268
14128659
14138113
14142092
14171590
14202705
14296924
14433478
14460866
14474004
14599497
14606633
14619857
14761321
14820283
14884502
14903823
14945246
14949799
14960253
14989529
15030725
15040036
15376630
15389207
15422360
15477582
15524141
15598503
15947680
16125842
16152611
16198305
16345304
16361650
16364069
16369989
16498838
16618692
16673936
16705608
16841335
17284449
17298699
17361583
17419194
17442803
17472435
17673123
17791117
17796427
17821771
17930214
17939428
18003430
18082922
18129914
18172375
18203129
18294471
18305522
18310098
18362174
18365623
18393215
18472290
18601748
18705685
18797718
18831984
18980078
19051246
19210090
19422902
19478202
19602739
20439811
20707872
20955662
20963461
21374398
21407689
21413680
21884951
22441553
22608210
22668555
22856556
22915598
23163365
23270253
23292439
23474511
23496053
23656534
24062738
24398423
25142292
26549907
26638886
26744302
26848649
27001838
28748362
28886234
29414137
33001560
39121013
45023358
45279848
46039371
46173166
47222229
47355704
47913116
49427681
49523104
49951380
51538676
52227109
52339798
54177216
54533935
54905497
55531534
56004813
56071810
56743066
56797469
57446224
58205491
58430224
58593744
58811230
60420138
60606998
60849733
61072403
61151665
61349324
61899725
62360672
62925302
62977610
63328347
63511235
64292633
64461952
64489970
65084880
65232256
65512468
69334197
69672617
69903197
70274035
70450528
71396670
71417486
72886221
72948705
73788804
74238119
74302154
74452459
75236151
75808309
76044087
76233576
77035028
77267671
77515832
77659074
78130806
78223929
78257820
78517902
79448536
180090
718678
843379
907883
1037203
1129719
1232543
1435415
1439410
1463103
1482612
1496537
1690846
1776625
1819063
1819831
1823031
1929716
1981682
1988337
2004920
2010778
2030276
2049741
2058661
2079456
2307059
2519902
2542767
2582687
2682461
2801318
2816789
2844055
2848314
2852835
2858673
2875819
2960571
2977236
2995789
2999719
3009302
3066478
3095348
3116595
3194612
3241786
3243718
3267497
3385265
3515279
3529013
3561694
3601252
3624121
3693743
3726398
3743545
3751832
3853102
3861558
3873974
3912243
4023597
4061705
4076977
4088647
4089510
4097881
4160529
4307819
4565822
4607675
4630127
4640470
4651674
4667868
4672238
4676850
4693449
4697629
4778717
4837304
4943175
4973453
4996763
5028774
5053387
5154426
5201360
5260287
5368508
5431759
5614057
5830246
5882494
6018728
6044582
6080750
6101625
6115139
6124873
6140588
6147640
6181671
6241384
6258863
6270721
6356537
6401875
6410038
6466411
6474423
6478972
6479665
6616188
6618403
6640378
6643172
6655907
6678061
6760945
6794180
6866932
6903623
6940577
7024088
7024481
7040408
7182949
7214743
7228597
7245282
7281268
7308860
7402978
7416295
7423357
7452796
7485131
7530338
7573286
7577312
7616998
7779909
7788163
7802764
7823718
7879853
7919737
7933670
7955223
7957928
7983954
8026442
8051288
8133831
8170436
8177546
8206365
8437242
8715209
8789815
8870131
9036275
9216943
9294285
9317095
9321276
9397097
9541469
9546651
9614671
9686000
9686611
9689443
9745358
9794410
9861616
9870065
9889110
9889573
9923723
10026672
10058507
10100423
10105781
10138854
10165335
10275407
10386209
10404686
10430065
10460297
10532573
10718423
10842745
10916222
10935443
10978038
11130578
11172336
11179734
11203861
11226058
11248467
11310565
11380251
11410123
11412843
11448729
11506402
11507376
11555199
11622286
11644268
11689358
11712197
11713889
11917128
12010837
12074777
12126527
12150488
12322293
12364594
12370661
12412300
12629431
12681136
12708679
12712715
12727991
12781555
12783035
13012837
13020749
13196530
13215435
13216617
13224619
13293854
13311037
13338971
13406815
13515177
13571498
13672348
13676485
13728376
13880944
13883848
13955278
13972325
13997849
14081424
14084306
14103010
14241075
14271085
14271205
14339610
14355952
14380561
14393671
14458260
14496980
14513568
14639302
14724887
14912244
14970426
14983867
14994094
14996253
15009657
15015544
15167896
15249297
15264358
15267939
15394893
15407389
15492466
15495469
15530160
15567029
15926707
15941504
16187854
16221718
16289114
16429354
16447491
16450621
16576600
16581151
17024638
17218259
17533399
17551471
17785526
17822160
17823793
18210927
18376668
18602083
18986350
19107800
19234100
19297125
19327143
19475691
19559125
19621317
19703003
19733619
19803239
19803617
20341917
20460917
21061242
21099611
21146867
21149603
21162949
21376187
21557483
21658012
21667043
22048597
22170867
22498868
22768034
23192270
23292505
23475884
23524740
23630911
23680234
23923444
23930722
23963276
24021277
24382363
24415022
24716978
24724781
25537969
26153811
26446173
26971689
27560375
28219816
28812488
30610332
31090500
31777340
45064868
45366435
45806338
46031584
46606938
47061782
47366838
48022629
48254318
48648537
49360460
49943310
50866107
51285953
51296496
51710923
51831714
52054490
52170232
53240615
53260756
53431562
53602361
53640460
53683510
54023513
54158981
54634165
54676918
54938985
55195225
56120375
56993052
57205958
57357382
58049098
58140756
58304130
58470612
58783961
59096450
59398492
60785417
61300835
61753622
61965515
63163041
63345827
63414980
65867973
66848138
67853083
68939168
69393467
69572733
69647141
70356583
70912487
70990211
70995256
71641775
72629218
72980357
73626544
74035381
75143780
75697913
76101475
76127697
76408933
76596351
77194082
77232267
77260886
77419292
79124517
79470216
79491649
441963
734815
998222
1167867
1514993
1736522
1758443
1947492
2082697
2252510
2353094
2357447
2782931
2846124
3102814
3103404
3121028
3185591
3205595
3251939
3259513
3338909
3371635
3466399
3731894
3760072
3775182
4011628
4067192
4680938
4949791
4979288
5037900
5061447
5121910
5150166
5157605
5174388
5222431
5364658
5365666
5368294
5389883
5549405
5578638
5582383
5610410
5704444
5751482
5847861
5893262
5918157
5989100
5992818
6058639
6074844
6144945
6167014
6194749
6415606
6539122
6728859
6732625
6888425
7089271
7145965
7169388
7501027
7523534
7580912
7715462
7848837
7891798
7939449
8189994
8611566
8617178
8829653
8840654
8899215
9034364
9135075
9235157
9643735
9722047
9750879
9759644
9772715
9810587
9825224
9907294
9915509
9947694
10263001
10361209
10425825
10427149
10605485
10694598
10730309
10967705
11414474
11442081
11589869
11596924
11676367
11788529
11823797
11845032
11934428
12084683
12087731
12146451
12147789
12166362
12175800
12290962
12430032
12523046
12767027
12820231
13023342
13033030
13269669
13327413
13420430
13515862
13707839
13887813
13997516
14038797
14050411
14066393
14195495
14201262
14249522
14443827
14597256
14618851
14619768
14819267
14934555
15109466
15224219
15370938
15775628
15874854
16106821
16351603
16649094
16890295
16987771
17266062
17537931
18119951
18323242
18511187
18717484
18729904
18764971
19242698
19683547
19850629
19976089
20302732
21665197
22226605
22624740
23229667
23596463
23792345
24328270
24809533
25781219
26909466
27584909
33433128
36708029
46786338
47339209
48694375
50016305
50079113
51002399
51267553
51534259
52766393
54100382
55126394
56726215
58560802
58730447
59034074
59289379
59466098
60058403
60324359
60338660
61448628
61486151
61936839
63079804
63918242
64760017
69554940
70049172
70280047
70411635
70615511
71752099
71900703
72408005
72793610
73231498
73272117
73574187
73653552
73837921
73838902
74190554
74298976
74607004
76138934
76373668
76989837
77643147
78533240
78882626
1436148
1499579
1978139
2006667
2746190
3456677
3581621
3848845
4452850
4497055
5091693
5625178
5844271
6059704
6737306
6795508
6912932
7556709
7682772
7717079
7759155
8583928
8811379
8838580
8867642
9396709
9404670
9809706
9943224
10834684
10860901
11885282
11900586
12012710
12396182
12877372
13004083
13091962
13195157
13268596
13330790
13823068
13849389
14214261
14251364
14512220
14836287
14895977
15773885
15949000
18069944
18658485
19610667
20257493
23666506
24989866
27643173
32705219
46560809
47437448
49850594
50086794
55039073
59027019
59044060
59158757
59204017
59452716
61844496
67874396
71056966
73799998
74478483
76014034
77843621
78089548
78105113
3333299
5363259
7434427
7530866
8205466
8874614
9885787
10959078
11199834
13535701
13679887
14866620
14888730
14911943
15315610
18271084
19895024
21619946
45072864
45200773
45814193
45896981
52121140
55672129
68975500
71182607
73213022
74654323
5165293
7000757
7913004
14051686
16018713
22603321
53131602
60975247
74587307
9679163
15959864
10469723
768830
975679
1004351
1033943
1253357
1400061
1489023
1743357
1765063
1813711
1887359
2086297
2357097
2406270
2490161
2576767
2619090
2620298
2620521
2882404
3013925
3078485
3548543
3573375
3600619
3602549
3657035
3702617
3722591
3722685
3848318
3930213
4156745
4166253
4173931
4178343
4423636
4550642
4808692
5098047
5600830
5602725
5619526
5986078
6204819
6253191
6463452
6510515
6515359
6534629
6549075
6753135
6807918
7165117
7229694
7249857
7708610
7856729
8154796
8266603
8284935
8315219
8443901
8824797
9524221
9662343
9950414
10415157
10512381
10551194
10692571
10784761
11016063
11087263
11220751
11269840
11466854
11774918
12084543
12090667
12319056
12422733
12494006
12761935
13051326
13664113
13876806
13974619
14427125
14521286
14674186
14674690
14770083
14978933
14992063
15411085
16628048
16680746
17170073
17512316
17587687
18173182
18182120
18871489
19236853
21676919
24323029
45828239
45890345
46169555
60323653
62176802
68548153
69384694
71296168
255711
523209
819174
859871
1040050
1044939
1563449
1927646
1947590
1948359
1962891
1996382
2008510
2014747
2096195
2218493
2297727
2321402
2450399
2473450
2488154
2604931
2751217
2796798
2866124
2978291
2978975
2989541
3118954
3142249
3242972
3273335
3461049
3471282
3521490
3526541
3529704
3536677
3589727
3616171
3652792
3655126
3659624
3714938
3765595
3833037
3923618
3978015
4019607
4019655
4067047
4078005
4088535
4094853
4124781
4126360
4159604
4684955
4701365
4710002
5062446
5070553
5174486
5207339
5237843
5305951
5308237
5336015
5551735
5633811
5675823
5745095
5922419
5927165
5999739
6017763
6022968
6149229
6199091
6203853
6213191
6223622
6239015
6381263
6387965
6414169
6478651
6606462
6611961
6682155
6683207
6858745
6879918
6931415
6998990
7000983
7036805
7092216
7124279
7128923
7177853
7185877
7195113
7200393
7203715
7244750
7257862
7301721
7318376
7320929
7388395
7470726
7520028
7532973
7633842
7680971
7681629
7703773
7709118
7778718
7806758
7811262
7830054
7835855
7841370
7844760
7857968
7861332
7877103
7910388
7912794
7915379
7940571
7961241
7980599
8040574
8085918
8101034
8112809
8124485
8140499
8198008
8216798
8230796
8231981
8238110
8276920
8277549
8282972
8288806
8303953
8305058
8309846
8315463
8334617
8340401
8344341
8639934
8726015
8775351
8986047
9022951
9119737
9137397
9172812
9229277
9239409
9284593
9296958
9301331
9386543
9402523
9403236
9514973
9679543
9894691
9932470
9935163
10009271
10022259
10055412
10085679
10133446
10167671
10198250
10277117
10283708
10321348
10351274
10376029
10376903
10378573
10379105
10401636
10410883
10456249
10464585
10478889
10616214
10628087
10657267
10680950
10809258
10826748
10845401
10858382
10903999
11026297
11113978
11139277
11254061
11262541
11284220
11286254
11308790
11515174
11619191
11627835
11673278
11828705
11880893
11964893
11994799
11997686
12003687
12041354
12055173
12150895
12280185
12281764
12309900
12310030
12311075
12390285
12479638
12503761
12519797
12675838
12743614
12759799
12826983
12843363
12908438
12908986
12943186
13003071
13057986
13204390
13417944
13532880
13542838
13552215
13603375
13801359
13810489
13872007
13874790
13918943
13940339
13989517
14073418
14105905
14110561
14122028
14187701
14261399
14275739
14322589
14330808
14332811
14339700
14518503
14536811
14541233
14556555
14572826
14575850
14606733
14783711
14793174
14798445
15133838
15136791
15259983
15279927
15688263
15839958
15840156
15871960
15923906
15947531
16106551
16114787
16155634
16200749
16236901
16245285
16267693
16409182
16410232
16422369
16490872
16519646
16534940
16541492
17166023
17390319
17706981
17726859
17758503
18114399
18210190
18244604
18300326
18837835
19376733
19512883
19524828
19584931
19600371
19602855
19892541
20143046
20351957
20879237
21226811
21484374
21875051
22223678
22227870
22266223
22622583
22797954
23799691
23935683
24026920
24529469
24683879
24855133
25016513
27872878
28781040
29073614
29233849
29298280
34181095
39055895
45025069
46733199
47537860
47570084
47961857
48109350
48539114
48634462
49030942
49237540
49365870
49447913
49873645
49874103
50743278
51023215
51356506
51439287
51833290
53233487
54153927
56254695
56313746
57174000
57445091
58564773
58914610
59369692
60112515
61651394
61806214
62671523
62753356
63829250
64249633
65068171
65124002
65417940
65747977
65869361
66759700
66832514
67843919
69535742
70018875
73132131
73287271
75479568
76211005
76215175
76632050
76831646
77687740
77906813
78465516
79284348
79574169
186335
195963
456541
482298
487143
516038
818555
999303
1031726
1431351
1433269
1497852
1635959
1637693
1793497
1959644
2071910
2087594
2291325
2350554
2375549
2574301
2577661
2603257
2604968
2620446
2748090
2813163
2866904
2882220
2977253
3046062
3047203
3077940
3088282
3126485
3382607
3488957
3498927
3536802
3558327
3579825
3595633
3643252
3857223
3860726
3927625
4005733
4005740
4028702
4049021
4126873
4160673
4318703
4324542
4389103
4510655
4546395
4583340
4698493
4701556
5037421
5040827
5060469
5110662
5152651
5155702
5170041
5172793
5422825
5592702
5631338
5633716
5680078
5680750
5739477
5872989
5880270
5926803
5946232
6053301
6173487
6201107
6216164
6246066
6252854
6410163
6612319
6712238
6725182
6748402
6790506
6800307
6929077
6943342
7011626
7016271
7027355
7042900
7043290
7071078
7100861
7118253
7134153
7157681
7183302
7202211
7244911
7370732
7418366
7541630
7548374
7577381
7581098
7653350
7673679
7715282
7715434
7730289
7761574
7832254
7842929
7896235
7926677
7954370
8051826
8111758
8212670
8215815
8221516
8234135
8266527
8268921
8284348
8289542
8327879
8893411
9096663
9303946
9318205
9338445
9370054
9393906
9424476
9567604
9659519
9660267
9661803
9680494
9693307
9788845
9809710
9827157
9893545
9911495
9941242
9948532
10043292
10156590
10264536
10295155
10418850
10463683
10542327
10923941
10950558
10955734
10974673
10984983
10996125
11120407
11130738
11180670
11210732
11230066
11267852
11317693
11360114
11410267
11423035
11508058
11514198
11754170
12011117
12029844
12031085
12208890
12231531
12236979
12249653
12250313
12333555
12356015
12395450
12474702
12511785
12679791
12777837
13066987
13167527
13282778
13321724
13397628
13433189
13512283
13514187
13548425
13556456
13558732
13572222
13744502
13809493
13849337
13855326
13980847
14014132
14056538
14081592
14096275
14103222
14144944
14147329
14194673
14246523
14248535
14251674
14475144
14518093
14525591
14576922
14589378
14589510
14593302
14638370
14740950
14775134
14864182
14874711
14875526
14934223
15176079
15315262
15329939
15349240
15374123
15562066
15785039
15845082
15936685
15964277
16095045
16110157
16132717
16193082
16313001
16566038
17661836
17742283
17977079
18639845
18643413
18729333
18785643
18971485
19355415
19370462
19707549
19903125
19984284
20181519
20223583
20622170
20693565
21290893
21322159
21551059
21754211
22466211
22516622
22672153
23441567
24036693
24466835
24495135
24565909
24722740
25394552
25864923
27516216
27901126
30940796
45734504
45821125
45823633
45966611
46091352
46149487
46512931
46726738
47214324
47559466
47768485
48330150
49135695
50567583
50583354
51696311
52068113
52623962
53221350
53230390
53881069
53969566
54070491
54873403
56173775
56460118
56849228
56873523
56898779
57397464
59614898
59988135
60053933
60160385
60769805
60925781
61315347
62113939
63208120
63840691
64074921
64299706
64733447
64784973
65405309
65594635
66337817
67358582
68376414
68662738
68734937
68775354
68778229
70442127
70480779
70752414
70759523
71277605
71974265
73188478
73317060
73735654
73776737
74094060
75313961
76111662
76611339
76709436
76772785
76961131
77229955
78029564
79110581
474099
776923
1307343
1437021
1504629
1523548
1799914
1898933
1927925
1994724
2849459
3337067
3380031
3399600
3555180
3764943
4167113
4644062
4780287
4829101
5151694
5305837
5426919
5725873
5755223
5910231
6003894
6117551
6136535
6138348
6215078
6667109
6680304
6716190
6794042
6881105
6888375
7051086
7187547
7288422
7294820
7413745
7437421
7464689
7465085
7527243
7648877
7887815
7936755
8042837
8162909
8325756
8330773
9297353
9329551
9334365
9401461
9419037
9677308
9730805
9811287
9876063
9882616
9925081
9933151
10147258
10203975
10276586
10403466
10805157
10902623
10931998
10935351
11004152
11055019
11074205
11133913
11266730
11434890
11462092
11489583
11510644
11515744
11713366
11723451
11744862
11897303
11913939
12166094
12204701
12226476
12229711
12296763
12962539
13027305
13032221
13139859
13168245
13362507
13397303
13422066
13486987
13624560
14126900
14207980
14244338
14294590
14300598
14391885
14432478
14452539
14498768
14562546
14568357
14621634
14908685
14989692
15058479
15136795
15367408
15535577
15538463
15904564
16208338
16387197
16597227
16600170
17770047
18046669
19089398
19848536
20217808
20463005
20637459
20683974
22272617
22452140
22486806
22870914
23165723
23436875
23712659
24327800
26459056
26918085
28004957
28157548
28216153
28523916
28614546
29004709
35209188
45691626
46025869
46323555
46580413
48558540
49040541
49702104
53099642
53367183
53447137
54084537
55514329
55680109
58222810
58234098
58346067
62391031
62491832
68631260
68900519
69047213
71093658
71557563
71858751
72940590
73714151
73779698
73782505
73945951
73977465
76145979
76391382
77190764
77348675
77850791
78234987
78761187
2582396
3463803
3496631
3644109
3861364
3980491
4013710
4077552
5029677
5206505
5678955
5688935
5946029
5950679
6175805
6745324
6793137
6802673
6928822
6934183
7065815
7138455
7172570
7187125
7310219
7464061
7631423
7646894
7760697
8609710
9165103
9171309
9293269
9391062
9408472
9527134
9930590
10026015
10152793
10872297
11393115
11421625
12437961
12829678
13487572
14186873
14203591
14208207
14381425
14433177
14507348
14523824
15130212
15160244
15321811
15423849
15539598
15560878
15951205
16094620
16678404
17298191
17652693
18564783
19615399
19782360
20533037
21863276
23249631
23696999
24792730
26945980
28494541
31846176
52082317
52779355
54344786
54833105
55138910
55298643
57312686
60492559
60606150
61172330
61631587
61975941
63899196
64181446
64523355
66607584
71198781
74237797
76804647
76872308
77025750
77747119
78571752
79273368
1408190
1914835
3889581
4041652
5102452
6940494
7433819
7452891
7661883
8066540
10966762
11753173
11996526
13413975
13953645
14359751
14884407
14914447
15956392
21866294
22182558
27184914
48612210
49321869
52111047
52926072
59388255
60409037
61682329
62036307
72710332
76921942
20303217
3116529
5753592
10741023
73106141
1503203
2785134
2813901
2984703
3734199
3768234
4158293
4176525
5421566
6730231
7469719
7831075
8221455
8287287
8304433
8351004
8756221
9072125
10841587
11255602
11613691
11882460
12080126
12221531
12317227
12793598
12975786
13036025
13893164
14122884
15903855
16216275
16474287
16649899
19103660
22410149
23825615
27957687
30455794
32214183
54494295
62553228
74946985
75426456
1046419
1523578
1810394
1813695
2049775
2055630
2320367
2334431
2489703
2617204
2735823
2783211
3063357
3078573
3145349
3406895
3505565
3650686
3662573
3791575
3800605
3921517
3923061
3988367
4045433
4054924
4075191
4151517
4172859
4182813
4190255
4558843
5090291
5136117
5176494
5472030
5493215
5498605
5502557
5566197
5568430
5665271
5889387
5952477
5994466
6024378
6147926
6157539
6213151
6287895
6354937
6574063
6727535
6731644
6780254
6813337
6912883
7004081
7049165
7052249
7076022
7134398
7154171
7171742
7174606
7433854
7437946
7462582
7534365
7629727
7685087
7692248
7699889
7765669
7822937
8118863
8182613
8292983
8302350
8314125
8315849
8320588
8383652
8519605
9174753
9301310
9354423
9355116
9363369
9436344
9559975
9598963
9658087
9666165
9828007
9952602
9959597
10220457
10283261
10418548
10464853
10612604
10722294
11002679
11095805
11235129
11463907
11481341
11597754
11794998
12039081
12091337
12102847
12251751
12317859
12380889
12385938
12546247
12812260
12909790
12941223
12942309
12956654
13290989
13352625
13356398
13465719
13493647
13596423
13782511
13786998
13794525
13934326
13983629
14023570
14108412
14127610
14129935
14316955
14322143
14341679
14464573
14470303
14475966
14515339
14629657
14737141
14874572
14920318
15136436
15351701
15397812
15715475
15955365
15963002
16153739
16183977
16399189
16427915
16434125
16540526
16682773
16719117
16763480
16767124
17232511
17267667
17561421
18034551
18264049
18299127
18570744
18590706
19267298
19349338
19626555
19781881
19842810
19850919
19852633
19921124
20129773
20295633
20948377
21192311
21614550
22144446
22734734
24022631
24091734
24341323
24900230
24923382
25401207
25946830
26906553
27255117
28020538
30350757
32249755
45550909
45572348
46060710
46430685
47086403
47888443
48681367
48804849
49013976
49188435
49315211
50172019
50646895
51951482
53933233
54038012
57463855
57529882
57625784
57658641
57976435
58226028
59071986
59340707
59395830
59455838
59689937
59923103
59955886
60553349
61095896
61112010
61339148
61845605
62190349
62592122
63098031
63920270
64261942
65088373
65608652
65631002
65696228
66102707
66914462
67003139
67061956
67561727
67873277
68861370
70640878
72285522
72769265
73312463
74167910
74169422
75256439
75884191
75988633
76968798
77050714
77966259
78574859
374751
720762
1375675
1473007
1505786
1833203
1974268
2545399
2751165
2880699
3094847
3219454
3522005
3526107
3779573
3788095
3863278
4060980
4092379
4153057
4521970
4673470
4783550
4844413
4914125
4978007
4978393
5595001
5602292
5647855
5798906
5954875
5962163
5983734
6086129
6132702
6175422
6176713
6225228
6273520
6681835
6797020
6812522
7001935
7179769
7206445
7228286
7306636
7326937
7535964
7560862
7760874
7854776
7976426
7978420
7988845
7991725
7992692
8015293
8092274
8098159
8101720
8157112
8172487
8177277
8181975
8189304
8232053
8236948
8248628
8249000
8281784
8284382
8329689
8337971
8642477
8806141
8812991
8907629
8977853
9155451
9171834
9173690
9305908
9793327
9827550
9854751
9862842
9918366
9926839
9953000
10022837
10083895
10154993
10407517
10409326
10444009
10463422
10804895
11000269
11227391
11233205
11266335
11304286
11334581
11384430
11504103
11582454
11611119
11756495
11790037
11975098
11981301
12183473
12187538
12195799
12295113
12426842
12467633
12483304
12490327
12543856
13008345
13085177
13107088
13208559
13215725
13236573
13327798
13340526
13463214
13532942
13585325
13624241
13745723
13757054
13823263
13953854
14069706
14086571
14146984
14200542
14303053
14476280
14528747
14553062
14613377
14623965
14625966
14642116
14868077
14874428
14899701
14965711
15006547
15044593
15165944
15190926
15267165
15367354
15517626
15686482
15698676
15891047
15954583
15970746
16000989
16174261
16419708
16606413
16673159
16724390
16769413
16973291
18214858
18308730
18345332
18439149
18468279
18658803
19523294
19623609
19655439
19785585
20305021
20374502
20659865
20832911
23022422
23508782
23570205
23695277
25093004
26013617
26077867
26425783
27327583
27934393
45531009
46028118
46625011
46786191
47666381
47952662
48062100
48493219
48688036
49251383
49729038
50094518
50202267
51328948
52248339
54726621
55258511
55558636
55749407
56119251
56331574
56528106
56942110
57356463
58492723
59161848
60377470
60535349
60541610
60708517
61209622
61331236
62343725
62479141
62531045
62743224
63733600
64118373
64167649
66292642
66330943
68513724
70077119
70214509
70505687
71284020
71548318
72817901
73523097
73910194
74165955
76234166
77165015
77823098
78093114
78544184
970463
1030650
1408727
1916542
2344957
2796287
3013482
3079354
3339755
3519463
3660910
3892667
4093725
4119943
4144025
4158181
4161169
4579223
5144374
5586335
5635670
5832316
5985243
6106867
6143720
6153843
6536666
6666715
6737390
6757819
6804303
6924795
7053210
7122924
7267677
7286603
7531498
7727899
7728977
7753690
7821557
8113267
8159018
8251768
9288542
9336307
9694453
10324855
10409551
11461555
11704239
11723517
12045980
12185030
12371915
12380409
12451520
12525110
12909436
12969341
13072854
13401709
13956051
14154436
14391146
14561138
14562703
14564891
14579815
14744954
14825727
15002554
15101159
15163835
16098141
16538748
16632050
18068982
18263541
18471357
18790376
19463546
19894973
20265595
20681167
21069562
22786492
22949844
23524125
23583836
24586938
24728983
24754793
24889058
24943510
25640551
28602220
28970359
28974423
29834319
45418175
45592329
45958106
46552751
46718643
46948250
47543612
47632629
48362782
53447587
55535797
56211146
57349735
57521287
59488632
60079763
60548552
60666397
61072308
61404582
62209432
62410991
63838775
65385586
65899157
70177270
70806910
73034365
74682183
78027387
655166
1300469
4020981
4091850
5633383
5926511
5993436
6016498
6776685
7330784
7836538
8337202
9103335
9430415
10296702
10349496
10399063
10943795
11173500
11230827
11890029
11996029
12278379
12467441
13092726
13295285
14340791
14606582
14905819
15165229
15332261
15398356
15513294
15948246
16598869
18553843
22912428
24474580
45676785
51739742
52148934
53733989
56211865
57390000
58066619
64173366
69041521
72662205
72965911
74740685
78325591
3585973
4021675
4946365
5993401
7806834
10413987
12225455
13234847
13608908
13611500
14351186
18332951
19389519
23914348
27189740
47896280
49036085
49602210
54113593
65598510
7837560
24928013
28417735
55932249
74321373
74849709
73909054
995071
2867143
7819211
7825022
7827775
7900671
8352423
10091435
10713081
12563683
22216475
22281818
27970811
46087010
47884415
52756023
61734440
64309039
79161753
1273599
1572316
2062039
2091955
3078635
3631935
3636587
3750909
3798965
3964591
4018169
4058925
4060055
5766994
6176491
6225675
6286893
6615027
7167988
7326957
7372655
7518198
7596407
7829723
7857110
8059354
8113726
8189023
8279287
8318314
8385689
8642553
9293439
9895158
10165757
10649533
11222005
11386174
11394622
11436002
11466722
11777725
11826173
11976604
12006651
12009111
12177323
12279717
12384823
12547469
12560181
12580248
13493375
13539007
14187513
14318813
14401174
14434157
14521338
14610775
14872307
14982895
15058923
15970927
16021496
16470905
16503605
16549343
16559539
16595039
17608701
17820015
18004927
19070683
20437689
20708020
20953653
21561301
22013653
22207989
22261686
22920307
23979706
24622475
26933007
28176845
28822138
29685103
33411674
46119437
46128232
47446723
49803429
50032259
51716027
53979077
54457027
54481979
54932959
55806711
56082024
56774398
57910110
58669205
58850919
59091695
60128921
62293567
64315174
64676251
65167019
65337004
65659254
66361771
66362027
66805281
66939532
69417981
70204342
73062392
73387606
75492371
76753887
76857231
79614890
79643879
1015292
1764343
2010999
2060019
2096316
2555295
2617273
3055087
3062591
3137001
3374573
3917805
3994359
4005371
4041647
4054451
4070391
4102131
4108280
4122535
4125645
4931323
5097407
6060863
6077939
6192106
6249433
6256285
6420350
6810477
6920175
6940653
7189919
7190775
7232381
7265913
7282141
7306662
7380990
7388669
7446267
7502842
7516139
7764446
7781865
7820751
7828429
8058511
8107243
8113843
8185833
8288043
8288571
9469949
9566703
10108862
10276858
10448557
10940339
11456159
11490527
11713275
11812603
11954157
12050245
12291511
12313487
12316274
12372415
12384947
12445637
12543459
12840441
13215615
13285358
13486031
13810927
13973367
14378814
14461879
14565177
14605780
14630726
14638817
14654014
14954479
15007642
15023355
15099897
15157755
15173598
15277950
15432875
15521269
15585531
15719250
16043837
16147390
16201712
16501226
16511782
16552767
19496766
19528651
19979967
21221357
22535707
22642238
23841499
24739657
25000880
26175195
26636238
37191025
45605737
45944631
46070348
46492635
48717524
49274997
49674008
56307367
56321395
56655071
56851783
57036773
57509835
57537069
57862207
59102714
61418875
62668490
63858940
64321643
64662650
64810133
64975696
64977296
65328733
65444700
65991241
66046609
67745783
68155331
70100982
70118140
71225975
72335156
73817943
75193798
75421910
75491491
77518395
77551219
78620277
78637149
79546265
79945573
1010683
1440750
1933163
2026455
2067451
3570939
3647477
3890043
4709755
4710355
4832127
5077995
5103293
5504574
5635708
5713879
5731294
5864827
6086459
6281006
7331367
7716469
7811575
8226747
8322356
9026431
9342847
10353998
10837975
11267925
11368182
11916775
12284860
12473214
12554193
13089211
13434598
13624167
13873903
14085543
14118627
14400730
14441723
14539927
14628685
14650853
15186842
15447215
16221677
16277399
16380718
16620528
16698982
16713708
17784607
18693051
18832636
19838415
20528703
20673387
24074027
24976851
34585211
45845238
50264356
51623897
52386485
58027547
58261257
58603285
59763170
62860377
63351646
63618247
65528139
65969257
66000360
68615666
71195831
73135796
77059247
79371989
79592601
1301471
2580459
2849661
5236127
7027423
7795134
7830986
8304307
9821678
10084047
10317487
10351091
11513708
12172183
12429178
13106062
13318975
13385535
13597854
13606521
14408676
14479775
16102813
16559533
17036279
18836543
20823512
24059257
45819351
45956391
46328811
52099321
57992934
58178152
61175389
61235045
65118150
68136883
9367159
10352504
14023006
16408052
16599028
24076655
48025458
48722742
55490362
61802174
64608668
3784603
22797176
29864423
46904694
48954033
17299583
24704798
62287282
1695231
5635949
60629759
76382158
2031559
4193226
4717534
4898303
5603315
5766045
6176749
6553518
7245819
7601641
8378226
9436115
10344831
11712510
12160895
12319347
13366199
13519871
14675186
14876343
15989466
16423391
17825005
18439167
19767289
22394747
23533503
26606907
32157583
45207541
46135347
46399157
46648285
47168087
51764955
53464810
54777849
58439246
61063059
63094199
63209303
64618273
64935756
64983779
65783414
68943277
78640438
79354865
1034239
4177638
4968383
5177198
5209943
5695479
6090685
6805215
7011261
7294966
8043447
8118225
8255915
9420786
9895163
11335359
11519965
12054189
12171127
12447728
12580028
13365163
14470651
14478715
14540589
14544301
14624699
14675483
15381951
15496159
15505279
15531830
16100345
16130042
16471929
16699835
16773532
18805567
18865342
19640295
19873710
20686463
21692404
22771175
24017898
24443805
24626919
28204921
32734603
46094969
47169321
49279548
49380974
49583855
49690105
49960637
50030718
54242647
54261293
54327918
55392763
55827836
57071531
58610871
62375262
62377766
62510949
63417330
63957618
65904312
66541164
66791804
66971536
70703583
70844284
71809855
72202047
74431097
74563561
74963287
75127294
78821365
3133419
3664751
4150270
5218223
5234575
6004463
6143980
7331443
7331637
7331809
7839673
7860145
7987059
8027263
8123836
8318821
8330941
9296863
11264991
11302895
11452247
11462511
12582659
13235707
13561079
14087102
14376543
15186798
15588332
15725496
16224763
16426974
16498505
16776265
18863775
19593182
20965859
24841211
46094970
46121339
48167777
49407737
50148220
53734621
57374188
57537145
62297831
63568700
64542691
65666512
69168951
69188767
2093033
2879470
3667911
4849023
6224365
6246331
9305022
9959401
12254460
13563765
14152954
16608859
18317244
20806334
22801396
50015612
52162813
61843886
63602255
63949879
2351087
5963627
14393054
14413285
14634430
17753983
31715774
60811184
61821930
64817134
69177295
72865276
73393711
24738763
47836007
4193235
7601118
12558045
14409023
16112627
16186583
16759538
26663423
59758395
59766233
61859689
65005010
74276860
78097343
5095415
5599231
6258487
7184255
7599599
10320863
10481582
14532585
16233466
16621239
24636854
46034398
46398303
49210619
49241271
50328682
60479343
62610675
62846692
64364475
64705789
65977962
67103786
6225395
6289759
7331646
8111871
10190319
10222911
10452711
12299759
12549850
13334519
14646524
14658879
15105279
16512811
16645709
16645930
24935411
29206255
45477852
50270170
58456434
61840999
62234525
64772086
64872114
65873851
65993243
66469872
66497459
69140331
76936175
79559861
5766908
6156157
8368102
11534012
12550097
14940149
23591403
49274265
53459390
58059243
64926555
66450739
79158510
3140479
14546791
14604251
16228220
16713726
27516663
63634379
14545647
15335247
50143143
16763639
29358747
48672765
23059943
33380303
57665213
63367039
64462771
66993525
8190973
8322863
8344575
11532254
12052991
15695798
16661375
23588827
49010111
49258349
52256703
52329467
54390261
60817289
61992815
64977765
65641455
7602172
12056566
15726491
66959834
4161517
48184299
57660669
62891772
14672767
62872564
7798775
25156567
45858779
56885199
64389047
74383353
15859647
20971319
24836091
66916223
75365303
8255231
54517407
16250813
16742396
14674942
16776950
50065373
